Sample_ID	ASV_num	Shannon	Simpson	Inv_simpson
241H_RH	100.546546546547	2.52316489878148	0.857105223723724	7.00385060101207
241H_RT	21.8728728728729	1.30904008217142	0.649381637137137	2.85346999330526
242H_RH	97.4354354354354	2.26376438515125	0.776077635635636	4.47127378449034
242H_RT	21.5515515515516	0.878533775838731	0.483408511011011	1.93631926942721
243H_RH	80.029029029029	2.04621130002149	0.755791528528528	4.09887789179616
243H_RT	30.0980980980981	1.49781712632109	0.673796608108108	3.06756221279309
244H_RH	51.6896896896897	1.71117465148227	0.680289875875876	3.13034051693504
244H_RT	20.5855855855856	0.978038717148918	0.518193725225225	2.07610157357475
245H_RH	82.1761761761762	2.11774021958832	0.761160939439439	4.19147712310983
245H_RT	29.6826826826827	1.06653973952083	0.529631587087087	2.12674764124842
246H_RH	43.6236236236236	1.24006202337389	0.561319544044044	2.28054380146532
246H_RT	27.4854854854855	0.924515314145329	0.493957403903904	1.97666641932799
247H_RH	141.442442442442	2.93246883502966	0.877855397397397	8.19815841523399
247H_RT	33.8368368368368	1.14471364856119	0.55646338038038	2.25534203668081
248H_RH	145.493493493494	2.71081237493175	0.831841993493494	5.95445851160573
248H_RT	33.9269269269269	1.09463373119239	0.52375492042042	2.10063011420947
249H_RH	140.763763763764	2.72307238260792	0.830602698698699	5.91231180907784
249H_RT	21.1111111111111	0.890325653432707	0.478931197197197	1.91972222689798
250H_RH	55.9049049049049	1.44325363738264	0.619335004004004	2.62824930335075
250H_RT	17.5095095095095	0.945273936114808	0.520171804304304	2.08457237572677
251H_RH	79.8898898898899	2.23802865502512	0.804330185185185	5.11573060709942
251H_RT	22.1171171171171	0.862546246214154	0.493586522022022	1.97511784873848
252H_RH	69.8238238238238	1.66077781677304	0.651317504004004	2.86999722910736
252H_RT	15.1041041041041	0.812161812543914	0.478831814314314	1.9191751538064
253H_RH	145.012012012012	2.72146483701773	0.847204052552553	6.5504936508459
253H_RT	68.4024024024024	1.57004947008953	0.557372056556557	2.26117383217593
254H_RH	181.96996996997	3.45536417059924	0.919307503503504	12.4083678805042
254H_RT	50.0810810810811	1.09991124825097	0.422303305805806	1.73201704180167
255H_RH	182.269269269269	3.48122036452971	0.909683272772773	11.0914619103367
255H_RT	127.948948948949	3.14232325280833	0.895705115115115	9.60202376685263
256H_RH	151.394394394394	3.0616108665886	0.899867509009009	9.99572762962952
256H_RT	59.5055055055055	1.80926095217266	0.695904381381381	3.29115223599907
257H_RH	96.2772772772773	2.29964096184845	0.812911817817818	5.3499488487967
257H_RT	31.1721721721722	1.21130968558125	0.580123504504504	2.38240123682396
258H_RH	153.099099099099	3.16033341325998	0.898432728728729	9.86224150205506
258H_RT	78.9149149149149	1.9680827121519	0.72326136036036	3.61674029119571
259H_RH	98.8848848848849	1.80743994937964	0.66274405955956	2.96750788587164
259H_RT	16.5045045045045	0.889257482788596	0.485361728228228	1.94372970988126
260H_RH	102.900900900901	2.29545416322372	0.782760148648649	4.60852165877694
260H_RT	22.3253253253253	1.32918646911472	0.609924701201201	2.56500290014068
261H_RH	158.850850850851	3.0623067111224	0.862240249249249	7.27225371351798
261H_RT	15.4344344344344	0.787544259643252	0.462837001001001	1.86212000691497
262H_RH	72.9259259259259	1.84125058593563	0.69691712962963	3.30235768666242
262H_RT	13.5645645645646	0.742900865680763	0.45357550950951	1.83050203054809
263H_RH	51.5295295295295	1.3496775750043	0.578531582582583	2.37387660832039
263H_RT	13.033033033033	0.823504826631313	0.472850341341341	1.89751446143257
264H_RH	57.7267267267267	1.45704982182944	0.608607100600601	2.55657430237979
264H_RT	13.2092092092092	0.778227650259051	0.462977064564565	1.86260958297979
265H_RH	62.2702702702703	1.65846204095966	0.674250001001001	3.07203289300155
265H_RT	14.5015015015015	0.805360489217406	0.477571661161161	1.91454476483453
266H_RH	89.2412412412412	2.1253663359144	0.759184471971972	4.15685281530982
266H_RT	21.7017017017017	0.890094623516824	0.478897183683684	1.91959993210535
267H_RH	109.472472472472	2.52577631657721	0.843205685185185	6.38377044717731
267H_RT	20.1981981981982	0.849224323419805	0.459420162662663	1.85042775512105
268H_RH	102.635635635636	2.1402279174513	0.759088989489489	4.15476046237063
268H_RT	28.5755755755756	1.07814129254742	0.538805203203203	2.16899285001679
269H_RH	87.6486486486486	2.1355935296955	0.752588160660661	4.04593608000366
269H_RT	18.4804804804805	0.825382814466438	0.47720248948949	1.91324430164138
270H_RH	75.042042042042	1.69587655511434	0.658872492492492	2.93374738538103
270H_RT	19.037037037037	0.813023744988342	0.460790291791792	1.85507932061416
271H_RH	96.1411411411411	2.4119454899716	0.817890881381381	5.49599099149397
271H_RT	31.6696696696697	1.42847369482699	0.67532645045045	3.0813333853271
272H_RH	85.9269269269269	1.68233442565318	0.539226285785786	2.17208139744405
272H_RT	20.5325325325325	0.656427269030637	0.278675779279279	1.38676272277114
273H_RH	125.843843843844	3.08738597126314	0.904787067067067	10.5144181680039
273H_RT	36.2572572572573	1.25262558712803	0.505828620620621	2.0250267670197
274H_RH	100.025025025025	2.28727566948215	0.801927497997998	5.05255533555369
274H_RT	28	1.3428061494103	0.67781551951952	3.10463802630368
275H_RH	112.333333333333	2.24093114540192	0.787028898898899	4.69910874396774
275H_RT	32.5815815815816	1.27067239365553	0.628649004004004	2.69379475709034
276H_RH	109.934934934935	2.27719438119456	0.71060414964965	3.4599548354122
276H_RT	36.6076076076076	1.31651643865814	0.592827277277277	2.45747398488591
277H_RH	99.961961961962	1.94313833185146	0.615901208208208	2.60617332823269
277H_RT	25.1341341341341	1.02758695156567	0.416676458458458	1.71519128752894
278H_RH	96.2162162162162	1.87107270442426	0.595274488988989	2.47335629668045
278H_RT	11.2322322322322	0.478013878167284	0.216143384384384	1.27602861973561
279H_RH	110.017017017017	2.5870219568515	0.789705714714715	4.76326320141146
279H_RT	27.3633633633634	0.970069609447777	0.412087397397397	1.7017781318681
280H_RH	116.597597597598	2.18849239876987	0.688497131131131	3.2144279687836
280H_RT	29.5655655655656	0.984663750893891	0.37984231031031	1.61331747070646
281H_RH	131.188188188188	2.33841553417042	0.741457471971972	3.87288703847288
281H_RT	26.5155155155155	1.24091204128077	0.591214513513514	2.44767292189799
282H_RH	109.667667667668	2.22326068567794	0.780176951951952	4.55375806149583
282H_RT	32.4284284284284	1.21843944251886	0.586788923923924	2.42106162897783
283H_RH	152.848848848849	3.19235930534747	0.909298404404404	11.0371411993858
283H_RT	56.032032032032	1.94817771387285	0.706396203703704	3.40960816168263
284H_RH	199.021021021021	3.70629634159571	0.933542123123123	15.0741811929229
284H_RT	65.2832832832833	2.1778515930371	0.774183634134134	4.43357213789489
285H_RH	98.046046046046	1.78428893242409	0.586292417417417	2.41960332545212
285H_RT	25.4794794794795	0.667403412427357	0.28316763013013	1.39547414948065
286H_RH	160.522522522523	3.06414806528803	0.858979065065065	7.10679738449631
286H_RT	36.7087087087087	0.929791214707754	0.360614522522523	1.56475100392307
287H_RH	206.21021021021	4.0037868423273	0.954286485485485	21.9323830738277
287H_RT	69.6256256256256	1.78942319555186	0.703116125625626	3.37069960934393
288H_RH	156.42042042042	3.31305487232864	0.920852104104104	12.6524851439755
288H_RT	42.0750750750751	1.95441477294993	0.806710845345345	5.17592234270369
289H_RH	90.03003003003	1.79763051945204	0.590714238738739	2.44568719806387
289H_RT	12.1641641641642	0.489675435113683	0.21477872022022	1.27380820807478
290H_RH	79.4304304304304	1.95391960619454	0.712516343843844	3.48134570248364
290H_RT	16.2152152152152	1.02725588713607	0.561059694194194	2.27880381508072
291H_RH	85.4944944944945	2.03117390461926	0.685642994994995	3.18492228048545
291H_RT	16.2902902902903	1.09680194620204	0.534589945445445	2.14988316158653
292H_RH	67.3473473473474	2.0016302904283	0.769069650650651	4.33377908256302
292H_RT	28.2362362362362	0.953083807382002	0.39128156956957	1.64357160442072
293H_RH	117.158158158158	2.44724282910705	0.750037629129129	4.00717772570664
293H_RT	32.7137137137137	0.914832245609098	0.351717875875876	1.54321842356459
294H_RH	84.8428428428428	1.80750985283515	0.648773711711712	2.84988185428187
294H_RT	33.6196196196196	0.786711369839867	0.300405061061061	1.42989989246353
295H_RH	90.7917917917918	2.59006229252078	0.8230477002002	5.66120134419566
295H_RT	26.1271271271271	1.48246756655297	0.657451109109109	2.92126906994329
296H_RH	47.1671671671672	2.06000868004889	0.805479508508508	5.14415187629847
296H_RT	21.4514514514515	1.7461816390192	0.781049197197197	4.56860307633904
297H_RH	77.6516516516516	2.28161833526402	0.778705254254254	4.52414370056459
297H_RT	22.6016016016016	1.3110053455446	0.655492061061061	2.90398663654651
298H_RH	132.950950950951	2.35186118392839	0.706688467967968	3.41443891081408
298H_RT	31.3543543543544	0.968852952643133	0.40082694994995	1.66979370367664
299H_RH	139.867867867868	2.74978850352321	0.855393097097097	6.92293035431381
299H_RT	47.1071071071071	1.31371033950742	0.50068212962963	2.00416452442669
300H_RH	85.6746746746747	2.02843812428645	0.695814934434434	3.29132917537045
300H_RT	33.7827827827828	1.79158221436519	0.704164617617618	3.3842170800899
301H_RH	55.6636636636637	1.91667397526299	0.724214420920921	3.62955134703306
301H_RT	23.7717717717718	1.35868781570302	0.55500315015015	2.24900584686373
302H_RH	67.6036036036036	2.22942472218388	0.808768383883884	5.23445811537647
302H_RT	23.1931931931932	1.4237444580977	0.651096878878879	2.86781639748149
303H_RH	60.1701701701702	2.17834394048063	0.807710928428428	5.20509144551163
303H_RT	34.3143143143143	1.78392748709462	0.738699176676677	3.83004311305046
304H_RH	86.986986986987	2.69450915649721	0.881363697197197	8.4389411350162
304H_RT	37.8438438438438	1.54049343364411	0.600238283283283	2.50373122707361
305H_RH	91.3393393393393	2.43014286621771	0.824037241241241	5.68993828504516
305H_RT	40.4784784784785	1.39568553695018	0.591872605605606	2.45209065478041
306H_RH	98.4104104104104	2.33346935003209	0.802956778278278	5.08051926443938
306H_RT	41.9309309309309	1.15635488333532	0.432323618118118	1.76254903642727
307H_RH	79.8828828828829	2.56468071762062	0.844713453453453	6.44918001938474
307H_RT	27.7887887887888	0.974448585789082	0.396249426926927	1.65712514719207
308H_RH	81.4024024024024	2.3653421303176	0.810721872872873	5.28906209353858
308H_RT	21.1081081081081	1.19246931695616	0.560811803803804	2.27830395072396
309H_RH	86.011011011011	1.92572644744602	0.649742337337337	2.85817244470629
309H_RT	25.5285285285285	0.764624666398607	0.293965881381381	1.41685630948714
310H_RH	143.053053053053	2.40863195042504	0.732507973973974	3.7437901646306
310H_RT	41.974974974975	0.850269744697654	0.322356801801802	1.47619847718261
311H_RH	99.1591591591592	2.20019623225086	0.721956952952953	3.60139817836786
311H_RT	38.7187187187187	1.00348344424632	0.379901151651652	1.61341898827135
312H_RH	123.123123123123	2.36924611817171	0.780922278278278	4.56874027079409
312H_RT	46.7227227227227	0.991634026712298	0.363023584584585	1.57066176734742
313H_RH	87.2002002002002	2.49146004172283	0.827545333333333	5.80694807017588
313H_RT	31.6676676676677	1.52363131817826	0.688230991491491	3.20941315009363
314H_RH	109.128128128128	3.15549700936226	0.918552416916917	12.2907727312729
314H_RT	39.5645645645646	1.35251675762138	0.528911820820821	2.12424090871065
315H_RH	110.13013013013	2.97765962992743	0.90021573023023	10.0337113589499
315H_RT	49.7607607607608	1.62255705827359	0.613102057557558	2.58694335977235
316H_RH	114.098098098098	2.4696002211847	0.783110994994995	4.61827728025637
316H_RT	67.4784784784785	1.65786751113237	0.584539451451451	2.40907479573086
317H_RH	113.271271271271	3.06280662573714	0.906143196196196	10.6712037626311
317H_RT	84.2352352352352	2.26386260638564	0.781013778278278	4.57099814538037
318H_RH	143.19019019019	3.20973006832695	0.914358265765766	11.6914299454418
318H_RT	66.5855855855856	1.91235685265542	0.75783196996997	4.13174359924761
319H_RH	50.7807807807808	1.49707243971035	0.620006024524524	2.63340974534149
319H_RT	16.6646646646647	1.06295668062164	0.58034713963964	2.38334592318587
320H_RH	83.5365365365365	1.91265611939902	0.623342383883884	2.65783176748305
320H_RT	21.1281281281281	0.857078739180983	0.338716360860861	1.51285077500545
321H_RH	65.960960960961	1.86172534041978	0.674559722722723	3.07581542230499
321H_RT	15.6826826826827	0.906980353042519	0.395506494994995	1.65510566388366
322H_RH	124.335335335335	2.58394998558544	0.778496816816817	4.52330352849062
322H_RT	29.6566566566567	0.881383202613114	0.357314788788789	1.55660073770065
323H_RH	81.6986986986987	1.94716129967736	0.685822664664665	3.18671295151759
323H_RT	30.9399399399399	1.05384354829837	0.453339977977978	1.83026081326458
324H_RH	57.6556556556557	1.90897328713501	0.729034300800801	3.69396696499151
324H_RT	33.019019019019	1.31912256158295	0.557012455455455	2.25902220792651
325H_RH	112.975975975976	3.19384771653433	0.91688995995996	12.0495601924935
325H_RT	44.6146146146146	1.92073509329191	0.758590270770771	4.14502309273041
326H_RH	104.444444444444	3.17568001139419	0.919577091091091	12.4517410893469
326H_RT	50.3613613613614	1.99052423928573	0.736241413913914	3.79597490605774
327H_RH	98.2172172172172	3.01257183570426	0.913156060560561	11.5250214925895
327H_RT	26.7807807807808	1.08672077852145	0.456707908408408	1.84167315694052
328H_RH	124.964964964965	3.28658017921004	0.912863218218218	11.503504110202
328H_RT	129.913913913914	2.196259104519	0.659444412412412	2.94008110933486
329H_RH	82.8588588588589	2.07605308379695	0.722869682182182	3.61244377543338
329H_RT	46.3663663663664	0.794198808167879	0.321568062562563	1.47454463520262
330H_RH	94.4544544544544	2.50860911830451	0.796907146646647	4.93130838433571
330H_RT	69.2502502502502	1.52080300049771	0.577297271271271	2.36763903918416
331H_RH	92.6796796796797	2.64792208427873	0.871146503503504	7.76689333820883
331H_RT	39.4254254254254	1.44641777207831	0.553286872372372	2.24040388095453
332H_RH	80.4544544544544	2.36460203602983	0.826461891391391	5.76796327888064
332H_RT	29.017017017017	0.995596946663405	0.384664195195195	1.62598966935646
333H_RH	86.2112112112112	2.57747126145915	0.860652523523524	7.18481629892282
333H_RT	29.1451451451451	1.37509353633556	0.542886936936937	2.18941234399851
334H_RH	81.1111111111111	2.24261699760113	0.783085917917918	4.61448885186329
334H_RT	56.0670670670671	1.71346399085337	0.681685222722723	3.14381708891072
335H_RH	56.9209209209209	1.19295714473542	0.430178167667668	1.75595056266994
335H_RT	25.6636636636637	0.623506321253329	0.25632328978979	1.34503111062225
336H_RH	67.3843843843844	1.52841043536294	0.531313936936937	2.13537292453299
336H_RT	26.6016016016016	0.669618552873053	0.275565112612613	1.3807923896829
337H_RH	95.1251251251251	2.17720458822406	0.747074517017017	3.95822738210053
337H_RT	34.0950950950951	1.02737754539864	0.394846748248248	1.65331881274428
338H_RH	85.4704704704705	2.21440551343059	0.748042111611612	3.97392234250637
338H_RT	32.1631631631632	1.03671263650113	0.394064001001001	1.65118770136718
339H_RH	97.2382382382382	2.18442672003796	0.762030839339339	4.20665871356236
339H_RT	33.1541541541542	0.830382641492736	0.327805073073073	1.48825512902689
340H_RH	62.0750750750751	1.61328100200137	0.582996044544545	2.4002522470639
340H_RT	21.039039039039	0.676397303094954	0.278250393393393	1.3859338835046
341H_RH	76.9209209209209	1.81660763395806	0.625147643643644	2.67054388440905
341H_RT	23.01001001001	0.70812361655533	0.282400642142142	1.3939421605113
342H_RH	74.1261261261261	1.71643609119025	0.619387184184184	2.63000058325964
342H_RT	25.5785785785786	0.762523890151863	0.294032542542543	1.41696820027459
343H_RH	130.556556556557	2.68071474894509	0.8122063998999	5.33173239172962
343H_RT	74.5755755755756	2.30168218565798	0.774757912912913	4.44527098997861
344H_RH	136.65965965966	2.85151004817805	0.848869972472472	6.62547302743282
344H_RT	62.2692692692693	2.14168155527811	0.780971702202202	4.57037448247564
345H_RH	110.993993993994	2.68512151749365	0.859847124624625	7.14157157807175
345H_RT	45.3043043043043	1.5720543663798	0.665729116116116	2.99320614130989
346H_RH	123.703703703704	2.81320494893687	0.841549276776777	6.32026806386819
346H_RT	67.1341341341341	2.56046517944781	0.878427391891892	8.23073427200539
347H_RH	130.740740740741	3.04949205229664	0.893360012512513	9.38764705644423
347H_RT	31.9369369369369	1.29468013725912	0.59165778028028	2.45034110280044
348H_RH	120.113113113113	2.79316397354749	0.856236300800801	6.96431687705564
348H_RT	47.8908908908909	1.68442756783853	0.62215602002002	2.64919282289618
349H_RH	81.015015015015	2.28837545989973	0.832603145645646	5.97766935544079
349H_RT	37.1551551551552	1.78159619423067	0.756678052552553	4.11225789642844
350H_RH	64.3883883883884	1.8184562614743	0.675426343343343	3.08413239142184
350H_RT	20.8168168168168	0.893240520680543	0.365738987987988	1.57738821259506
351H_RH	67.964964964965	1.59210213650906	0.546552067567568	2.20727453958791
351H_RT	25.7607607607608	0.796292903836123	0.30598543043043	1.44142558898287
352H_RH	54.4044044044044	1.80286453451134	0.676316465465465	3.09253558561839
352H_RT	17.4324324324324	0.677827654943397	0.272773	1.37548959614208
353H_RH	89.974974974975	2.32229381552809	0.784485169169169	4.64598803832271
353H_RT	26.3183183183183	1.00437770734637	0.383722774274274	1.62344850973428
354H_RH	58.3853853853854	1.8355196358433	0.731199314814815	3.72326181320147
354H_RT	20.5205205205205	0.756565548487961	0.302770585585586	1.43474028566726
355H_RH	124.926926926927	2.64238151382044	0.802541444444444	5.07184861137333
355H_RT	44.1621621621622	1.77770400576056	0.726428275775776	3.65755078736411
356H_RH	116.076076076076	2.84837811923035	0.841062262762763	6.30310505338768
356H_RT	46.3863863863864	1.65991072067984	0.693813738238238	3.26767729964144
357H_RH	140.093093093093	3.13847371764021	0.88546298048048	8.74507634044998
357H_RT	66.956956956957	1.43091164737304	0.494845277777778	1.98107261255096
358H_RH	110.514514514515	3.07307140799294	0.894019889389389	9.44989298543369
358H_RT	51.8488488488488	1.90025980417752	0.665239936436436	2.99086688950942
359H_RH	75.7007007007007	2.0055829238192	0.657919396396396	2.92685261406643
359H_RT	49.4584584584585	1.76133479581975	0.708984476476476	3.43841778744968
360H_RH	99.4964964964965	2.56931074126963	0.837455978478479	6.15856930325853
360H_RT	63.7957957957958	2.27834800575399	0.809493397897898	5.25528709348902
361H_RH	89.4734734734735	2.28008668920533	0.73962592042042	3.84611915456928
361H_RT	30.5345345345345	1.02470592860751	0.403476243243243	1.6772292219938
362H_RH	76.3023023023023	1.82318040685485	0.602190265765766	2.51635977143942
362H_RT	21.9089089089089	0.750332077511307	0.313188814814815	1.45654116656142
363H_RH	97.3303303303303	2.01138259357596	0.622235402402402	2.65021768760032
363H_RT	28.3993993993994	0.75938904228037	0.305526326326326	1.44047084693195
364H_RH	66.4854854854855	1.91973901770758	0.69970167017017	3.33339077061581
364H_RT	17.6406406406406	1.11131384358923	0.529288433433433	2.12557444251827
365H_RH	64.4784784784785	1.92212548335203	0.731623067067067	3.72903183575414
365H_RT	19.1101101101101	1.28305765145806	0.611502668168168	2.57544361736429
366H_RH	59.2992992992993	1.48184019672237	0.529570482982983	2.12738466624398
366H_RT	14.1391391391391	0.71083194995629	0.329941638138138	1.49293366660037
367H_RH	101.308308308308	1.91475140897236	0.602511553053053	2.51850851086949
367H_RT	31.8328328328328	0.686874115697263	0.263663201701702	1.35850008227714
368H_RH	87.8528528528528	1.85109600654756	0.586928256256256	2.42321566569114
368H_RT	32.2732732732733	0.753315218954427	0.284435987987988	1.39795437196207
369H_RH	121.637637637638	2.86306775535638	0.867567134134134	7.56275944197399
369H_RT	50.025025025025	1.65215843708255	0.597110516016016	2.48445067347922
370H_RH	83.0930930930931	1.94598204029999	0.62043239039039	2.63740006341031
370H_RT	35.0570570570571	0.83714465227248	0.306080258258258	1.44161033003161
371H_RH	88.4184184184184	2.3685438598312	0.767270592592593	4.30314572668992
371H_RT	27.2482482482482	0.774332074360082	0.300492286286286	1.4300900336844
372H_RH	85.3073073073073	1.92165266893467	0.660697433433433	2.95027124870868
372H_RT	21.6196196196196	0.559739467773869	0.235197376376376	1.30788989370692
373H_RH	138.401401401401	3.45088184916055	0.932873227227227	14.9186910074077
373H_RT	41.4224224224224	1.71833671158217	0.728134382382382	3.68041299683613
374H_RH	155.029029029029	3.41165797857246	0.922055779279279	12.8536687004336
374H_RT	91.4944944944945	2.38225235478661	0.745136948948949	3.9296279633916
375H_RH	139.563563563564	3.48749390262701	0.935131046546547	15.442315333837
375H_RT	72.7427427427427	2.15118141052083	0.74841858958959	3.97947852433451
376H_RH	123.433433433433	3.32946828712723	0.921494417917918	12.7633834501975
376H_RT	90.3513513513514	3.08912308324569	0.913671378378378	11.598307000595
377H_RH	120.302302302302	3.2892404329085	0.924400462962963	13.2477175889391
377H_RT	34.8458458458458	0.678013811810738	0.260068771271271	1.35187142483105
378H_RH	121.692692692693	3.2644006266036	0.928823033533534	14.0659858354557
378H_RT	70.1021021021021	2.42467963909938	0.782312338338338	4.60179275447214
379H_RH	93.8848848848849	2.3703867465788	0.79812351951952	4.96028978780156
379H_RT	20.9369369369369	0.727598103426172	0.289843119119119	1.40861897874198
380H_RH	105.92992992993	2.52118693270849	0.771637944444444	4.38599730435639
380H_RT	40.5185185185185	1.09824972383933	0.443472933433433	1.7978838597581
381H_RH	99.6696696696697	2.56797704073441	0.847348798298298	6.55739424024015
381H_RT	28.6826826826827	1.24218112987571	0.602841733733734	2.51902972312432
382H_RH	90.3183183183183	2.41403005741572	0.767786369369369	4.31341787980102
382H_RT	23.2202202202202	0.729169791991468	0.311902442442442	1.45380269073565
383H_RH	68.0970970970971	1.799577898904	0.689435663663664	3.22220799987408
383H_RT	18.6176176176176	0.968708241381071	0.554437939439439	2.24471973466853
384H_RH	127.792792792793	3.10572212920571	0.90133718018018	10.1493551284589
384H_RT	72.1201201201201	2.63657354908169	0.864800677177177	7.40642462355417
385H_RH	146.617617617618	3.68356909394915	0.941677243743744	17.1838271579848
385H_RT	109.451451451451	3.27495333364946	0.930155228728729	14.3364877389531
386H_RH	124.88988988989	3.26624460888515	0.898676527027027	9.89367234878696
386H_RT	63.5425425425425	1.98946507430769	0.693785391391391	3.26961909865819
387H_RH	123.131131131131	3.39615081520423	0.934595156156156	15.3118977471798
387H_RT	117.183183183183	3.62729096819831	0.949669572572573	19.904307969579
388H_RH	111.427427427427	3.48525209020058	0.939331627627628	16.514445220349
388H_RT	87.9119119119119	2.8844522925521	0.894802474974975	9.5175339811603
389H_RH	128.672672672673	3.53599241093588	0.94051754954955	16.842779224335
389H_RT	113.309309309309	3.46691241258711	0.940568917917918	16.8506401726203
390H_RH	121.435435435435	3.28218747142164	0.917628881881882	12.161821702226
390H_RT	77.6256256256256	2.72737057080802	0.868886965965966	7.636551467541
391H_RH	61.961961961962	1.89475892540026	0.744083744244244	3.91074488770248
391H_RT	23.02002002002	1.41962807033823	0.688259858858859	3.20930211615209
392H_RH	58.7127127127127	1.731016993455	0.669114992492493	3.0251688779604
392H_RT	24.4614614614615	1.16057717136581	0.515831733233233	2.06660793818445
393H_RH	62.2932932932933	1.96499294836178	0.769530265265265	4.34168024931243
393H_RT	25.1491491491491	1.50046422689277	0.720940711711712	3.58489921645435
394H_RH	66.6646646646647	2.14322945221871	0.761019614614615	4.18910353456787
394H_RT	29.3933933933934	1.28005446116455	0.587019069069069	2.42295345529509
395H_RH	45.1701701701702	1.47032659086544	0.589500930930931	2.43787862318786
395H_RT	22.5965965965966	1.31247781105503	0.634177297797798	2.73462644542527
396H_RH	46.5475475475475	1.34273898004732	0.574052509009009	2.34913220742875
396H_RT	17.4254254254254	1.20822318497799	0.619221136636637	2.62746953260583
397H_RH	102.841841841842	2.39906026488328	0.76995827027027	4.3539493729098
397H_RT	32.1951951951952	1.03508515650102	0.405009147147147	1.6816232526619
398H_RH	74.3053053053053	1.96773503814096	0.695879907407407	3.29200356075798
398H_RT	25.7637637637638	1.37756470855734	0.614317063063063	2.59475020447964
399H_RH	83.5795795795796	2.43558378117546	0.799756712712713	5.00242524070707
399H_RT	34.7017017017017	1.07227595825076	0.396679085585586	1.65834735897125
400H_RH	82.5815815815816	2.34624207565711	0.780203036536537	4.55695152938353
400H_RT	28.8728728728729	1.27377826533242	0.550196917917918	2.22472779850773
401H_RH	72.024024024024	2.03607572214812	0.708507888388388	3.43497118640015
401H_RT	29.4594594594595	1.12886980198709	0.467687471471471	1.87965009323141
402H_RH	86.2062062062062	2.36188051090255	0.769670963963964	4.34908207667413
402H_RT	37.6606606606607	1.17128393418997	0.435921694194194	1.7738603381496
403H_RH	107.546546546547	2.65824811644102	0.823622755755756	5.67976550277566
403H_RT	31.5675675675676	0.936260163912936	0.345925931431431	1.52950729305759
404H_RH	110.192192192192	2.96997696402255	0.9070733998999	10.7703905487062
404H_RT	51.1951951951952	1.95984563159634	0.748982253253253	3.98674454874398
405H_RH	91.971971971972	2.52399329161649	0.842719064064064	6.36493979444749
405H_RT	32.1651651651652	1.14318476937496	0.550696323823824	2.22650440944726
406H_RH	97.8648648648649	3.1033763435695	0.924088853353353	13.1870147089234
406H_RT	32.9469469469469	1.89489140053413	0.792509677177177	4.82214961100686
407H_RH	89.6646646646647	2.56817387435927	0.815395233733734	5.42646265391834
407H_RT	31.4654654654655	1.35989702713703	0.555468495995996	2.25117148156861
408H_RH	136.426426426426	3.20537456371534	0.911403956456456	11.3048446228549
408H_RT	54.7797797797798	1.68126740445023	0.61282456956957	2.58527103780492
409H_RH	78.1351351351351	2.26966074000876	0.734953108608609	3.7785977863596
409H_RT	27.7707707707708	0.932087310363295	0.359514023023023	1.56197776183846
410H_RH	69.3113113113113	2.14123286501498	0.789947641141141	4.76438541081387
410H_RT	21.1311311311311	1.05062217675121	0.47788406956957	1.91630429018536
411H_RH	60.2852852852853	1.78037130429206	0.601901462962963	2.51458725523911
411H_RT	26.5525525525526	0.937599664386909	0.358320884384384	1.55912335482726
412H_RH	61.1961961961962	2.15588048239097	0.78377583033033	4.63007688656827
412H_RT	18.6656656656657	1.29765336689983	0.625313731731732	2.67049765850458
413H_RH	81.7357357357357	2.16352395113543	0.730913083583584	3.72124508538062
413H_RT	28.7277277277277	1.646631544943	0.733749556556557	3.75773580165132
414H_RH	75.4054054054054	2.25793664038783	0.824891584084084	5.71420713642028
414H_RT	17.9059059059059	1.42868914510417	0.705819403903904	3.40051979962499
415H_RH	80.2102102102102	2.37936060214679	0.772673028028028	4.40576269808028
415H_RT	33.8338338338338	0.715575125803312	0.270709383383383	1.37160666380402
416H_RH	65.2282282282282	1.98829090860469	0.696546206706707	3.2991912254985
416H_RT	36.8148148148148	1.25052391943995	0.523157527027027	2.09860385176878
417H_RH	74.7687687687688	2.64904705320928	0.875046291291291	8.01010958593943
417H_RT	43.3713713713714	2.24263048447717	0.820424041041041	5.5740112783997
418H_RH	60.9319319319319	1.53371800933515	0.581852305305305	2.39322296790485
418H_RT	18.8318318318318	0.873146968716362	0.449904043543544	1.81858745658766
419H_RH	126.003003003003	3.10793911993147	0.899396622122122	9.95632488695813
419H_RT	58.0740740740741	2.40806984623739	0.844292362362362	6.42884554576382
420H_RH	120.291291291291	2.62437744422926	0.788306865865866	4.73222207845261
420H_RT	58.2182182182182	1.75660971097926	0.641730611611612	2.79355202759143
421H_RH	70.4324324324324	2.46247813575034	0.842066654654655	6.33861630586275
421H_RT	26.6136136136136	1.09363602284062	0.536977535035035	2.16052493255463
422H_RH	78.4314314314314	2.80507745754437	0.883995034534535	8.63008012922611
422H_RT	49.5055055055055	2.30168681011331	0.831102034534535	5.92775023531425
423H_RH	80.1351351351351	2.23576481410838	0.739058968468468	3.83756047909081
423H_RT	46.033033033033	1.16941227695358	0.427603768268268	1.7479693822202
424H_RH	80.6786786786787	2.14002275801012	0.759576076076076	4.16386231144585
424H_RT	38.7547547547548	1.16185181182919	0.448420716716717	1.81403287904765
425H_RH	82.4264264264264	2.13396850774251	0.720789454954955	3.58618594232633
425H_RT	36.7957957957958	1.20250057391666	0.534608931431431	2.1500367599313
426H_RH	98.4234234234234	2.81072449694708	0.897721818818819	9.78398187654432
426H_RT	51.1301301301301	2.03190781611187	0.760426195695696	4.17893594850208
427H_RH	86.4604604604605	2.75108517762524	0.880341737237237	8.36511523942439
427H_RT	52.7967967967968	1.99188426048264	0.749638019019019	3.99827567633629
428H_RH	67.3153153153153	2.77502516472738	0.903043693193193	10.3214685455991
428H_RT	41.7857857857858	1.69855126584147	0.730168551051051	3.70776964870171
429H_RH	84.2162162162162	2.53384249541959	0.831639411911912	5.94874645970939
429H_RT	45.0690690690691	1.52938508569092	0.594191483483483	2.46618383209324
430H_RH	108.179179179179	2.85458201687437	0.88303376026026	8.55983048350596
430H_RT	46.8118118118118	1.60582673060295	0.601419264264264	2.51090446861692
431H_RH	73.9129129129129	2.49218036558262	0.833359528028028	6.00976463598775
431H_RT	34.2222222222222	1.71257519257351	0.716895587087087	3.53549262975413
432H_RH	103.661661661662	2.49678868713892	0.785444391891892	4.6680188421367
432H_RT	36.7057057057057	1.18164786838002	0.429767651651652	1.75468763328079
433H_RH	106.632632632633	2.76006450916496	0.858496853353353	7.07648383066998
433H_RT	66.015015015015	2.48367379659324	0.851996684684685	6.76308693793659
434H_RH	96.7167167167167	2.80808985391355	0.874027035535536	7.94749160719937
434H_RT	46.8448448448448	1.68721011907256	0.716888084084084	3.53370497896108
435H_RH	112.513513513514	3.12765802317432	0.910143745745746	11.1425641368597
435H_RT	51.2282282282282	1.61083103981684	0.631993237737738	2.71963774206205
436H_RH	109.72972972973	2.50314344325433	0.79937143043043	4.99177647997381
436H_RT	35.5775775775776	0.760237529583627	0.302197290790791	1.43359612325607
437H_RH	115.42042042042	2.94763452657957	0.886547648648649	8.82515166939425
437H_RT	62.1451451451451	1.70360182019702	0.577084490990991	2.36670337512735
438H_RH	151.964964964965	3.28075033414246	0.904219575075075	10.4585423521525
438H_RT	73.8818818818819	2.29246852452237	0.7781017997998	4.51237707043966
439H_RH	72.5715715715716	2.22935858119589	0.803302546546547	5.08914486529218
439H_RT	31.03003003003	1.1287320568147	0.446234748248248	1.8068781660027
440H_RH	56.2972972972973	1.64171436175421	0.620466412912913	2.63700332402112
440H_RT	37.9399399399399	1.35767794259059	0.626136712712713	2.67561317266895
441H_RH	79.8398398398398	2.64081278862108	0.8809539004004	8.4086472893391
441H_RT	40.2152152152152	1.36579898074981	0.5124470995996	2.05259074344559
442H_RH	65.5215215215215	2.1509373478361	0.806046673173173	5.15934064359338
442H_RT	21.3983983983984	1.17926808463294	0.548199006006006	2.21459246666994
443H_RH	55.3893893893894	1.92352755702134	0.768817396896897	4.32800505233461
443H_RT	22.7957957957958	1.08294837324359	0.494604230730731	1.97981665026289
444H_RH	69.7357357357357	1.61033399619099	0.539948095095095	2.17555466506988
444H_RT	18.8078078078078	0.608304607394724	0.253420278778779	1.33982335672971
445H_RH	89.013013013013	2.58164616740193	0.842809934434434	6.37034257562141
445H_RT	42.2602602602603	1.04557479807091	0.3717547997998	1.59243754463984
446H_RH	84.8438438438438	2.79922071728862	0.885775951451451	8.76664945592058
446H_RT	39.5215215215215	1.31820176159411	0.600433433933934	2.50383700908173
447H_RH	80.980980980981	2.48254171202327	0.843260402402402	6.38761582627565
447H_RT	43.7357357357357	2.14046436831467	0.814472126126126	5.39489604973368
448H_RH	110.50950950951	2.81476944463135	0.871135166666667	7.76942811067487
448H_RT	40.6296296296296	1.25115400419396	0.46673396996997	1.87643396276011
449H_RH	121.225225225225	3.1121545585795	0.893679496996997	9.42393334652115
449H_RT	47.1511511511512	1.87888752549326	0.73945916016016	3.84136901629867
450H_RH	103.094094094094	2.81528610969679	0.881847807807808	8.47277985653675
450H_RT	35.7577577577578	1.61642476481389	0.712401894394394	3.47895033584804
451H_RH	98.8518518518518	2.26600659345949	0.717833931931932	3.54915955660147
451H_RT	45.8238238238238	1.22620431813109	0.467125152652653	1.87762849679385
452H_RH	136.132132132132	3.35511830341155	0.929789956456456	14.2610194933874
452H_RT	54.7137137137137	2.1015464337463	0.772724772772773	4.40377287579735
453H_RH	82.6526526526526	2.20390882066398	0.739793125125125	3.84817331804173
453H_RT	49.9419419419419	1.34501525961541	0.616654912912913	2.60932750684265
454H_RH	75.4174174174174	2.32862156251848	0.801518111111111	5.0452735471991
454H_RT	29.7267267267267	1.19495315879469	0.543510302802803	2.1919268318558
455H_RH	74.986986986987	2.20074378191578	0.763141415915916	4.22673240923874
455H_RT	37.5645645645646	1.1114279932434	0.511748163163163	2.04903259210935
456H_RH	69.9429429429429	2.23193462587217	0.755209099099099	4.09173567324411
456H_RT	33.998998998999	1.33743316939692	0.524820432932933	2.10612202283543
457H_RH	116.341341341341	2.89057620629718	0.85648447997998	6.98279786727338
457H_RT	42.1481481481481	1.18720207743029	0.449891335335335	1.8188512541199
458H_RH	104.142142142142	2.9315042300981	0.890926422922923	9.18105262582988
458H_RT	52.8768768768769	1.86213998698329	0.720400801301301	3.57938966302407
459H_RH	99.4504504504504	2.62595313993573	0.863064804304304	7.30974422899707
459H_RT	48.5685685685686	1.48276989403517	0.547590723223223	2.21222306652954
460H_RH	98.6286286286286	2.65576322890298	0.835645357857858	6.09394941592502
460H_RT	46.8928928928929	1.31623370142084	0.4953865	1.98303793524725
461H_RH	111.502502502503	3.09642517382134	0.917660316316316	12.1563282097069
461H_RT	59.5825825825826	2.10375827860707	0.753548827827828	4.06166227102741
462H_RH	95.2952952952953	3.0571471403896	0.90924578028028	11.0321844560514
462H_RT	62.5675675675676	1.50919565550591	0.49759793993994	1.99190587665929
463H_RH	121.141141141141	3.14711212129791	0.90271257957958	10.2961515699643
463H_RT	82.8008008008008	2.84906114725137	0.862976978978979	7.31360623999943
464H_RH	143.445445445445	3.29980944267382	0.918124323823824	12.2321284242501
464H_RT	74.6306306306306	3.16364397773754	0.939607639139139	16.5687777772799
465H_RH	132.147147147147	3.09742948152312	0.895323432932933	9.56764908375209
465H_RT	70.032032032032	2.82236954627135	0.895057196696697	9.54166638173526
466H_RH	114.314314314314	3.1547945641814	0.908855186686687	10.9867067792375
466H_RT	86.014014014014	2.83072578566553	0.886720078578579	8.83962312442152
467H_RH	96.1631631631632	3.10293561942112	0.92031146996997	12.5634715216652
467H_RT	50.036036036036	1.96161213433156	0.795843956456456	4.9006202350289
468H_RH	109.521521521522	2.99128220152057	0.902587842342342	10.2763668025921
468H_RT	91.8408408408408	2.92771044788959	0.895635244244244	9.59302995251489
469H_RH	96.6906906906907	2.31095047389328	0.734224563563564	3.76826379929381
469H_RT	32.6806806806807	1.0759144124441	0.464424554554555	1.86819674593115
470H_RH	122.237237237237	3.26958676525765	0.928980194694695	14.0976526124766
470H_RT	43.8258258258258	1.87367017075745	0.774088437437437	4.42855259770369
471H_RH	56.9299299299299	1.75898997647729	0.729774261761762	3.70230672807343
471H_RT	28.026026026026	1.23521428363963	0.596011507007007	2.47639902165082
472H_RH	57.5545545545546	2.01610844322422	0.792253336836837	4.81621953499554
472H_RT	23.2042042042042	1.27008755549764	0.569773591591592	2.32591366905418
473H_RH	37.973973973974	1.59101136552431	0.691636762762763	3.24488366913085
473H_RT	13.3913913913914	0.879843657191233	0.46158985035035	1.85814835118364
474H_RH	32.3683683683684	1.2063311625343	0.567921093593594	2.31547154554877
474H_RT	26.5355355355355	1.30814523742134	0.623454741241241	2.65658530966222
475H_RH	139.005005005005	3.52153219417019	0.934123980980981	15.207057696334
475H_RT	83.2072072072072	3.27685730230598	0.938629783283283	16.3132750713871
476H_RH	133.451451451451	3.47339894663866	0.941054325325325	16.98464051084
476H_RT	51.4274274274274	2.50088232599543	0.873914348848849	7.93697069712809
477H_RH	131.409409409409	3.33764746932347	0.928135907407407	13.9312911795678
477H_RT	67.6846846846847	2.82160229663543	0.89998517017017	10.0078139150983
478H_RH	107.705705705706	3.09386396101194	0.908418188688689	10.9325180689555
478H_RT	63.1551551551552	2.4219123001914	0.848934072072072	6.62653557115328
479H_RH	117.554554554555	3.32117141189857	0.92907748998999	14.118033189934
479H_RT	148.637637637638	3.56006093624408	0.934703338838839	15.3487485435694
480H_RH	104.207207207207	3.09125999458641	0.901950655655656	10.2166911618429
480H_RT	75.4604604604605	1.86580466367599	0.689751766766767	3.22641307532533
505H_BKr	113.737737737738	3.08748798019675	0.90738515965966	10.8126250822217
505H_BKr2	88.4184184184184	2.7690416870594	0.882243493493494	8.50105937075772
506H_BKr	77.019019019019	2.45846617280379	0.854365797297297	6.87191779846835
506H_BKr2	99.5335335335335	3.0144141526356	0.907770721221221	10.8570364727451
507H_BKr	127.695695695696	3.34073091780733	0.933981708208208	15.1649275590062
507H_BKr2	108.062062062062	2.88982474242051	0.879089079079079	8.28206622949338
508H_BKr	121.038038038038	2.75849471490958	0.854460233733734	6.88056267201986
508H_BKr2	112.950950950951	2.8270574102544	0.868789576576577	7.62977979904842
509H_BKr	101.793793793794	2.35180129058902	0.780558776276276	4.56181413687617
509H_BKr2	84.990990990991	2.26779200925098	0.804000035035035	5.10542048200721
510H_BKr	94.6986986986987	2.30277998075451	0.787135687187187	4.70293645519312
510H_BKr2	98.7567567567568	2.44642804693874	0.776234122622623	4.47518668765614
511H_BKr	131.703703703704	3.29318653000428	0.918033304304304	12.2228637858506
511H_BKr2	112.24024024024	3.11823952311827	0.901335286786787	10.1542949495736
512H_BKr	124.158158158158	2.96634984118988	0.857073104104104	7.01093657042878
512H_BKr2	96.1481481481482	2.66360015649859	0.860627777777778	7.18278997401226
513H_BKr	99.7957957957958	2.69321739979251	0.866184810810811	7.48188006767998
513H_BKr2	93.1351351351351	2.55868790273926	0.822780328328328	5.6521705646488
514H_BKr	111.515515515516	2.52000804921117	0.791770998498499	4.81000700116052
514H_BKr2	105.195195195195	2.52928845624457	0.798231677677678	4.96433379585848
515H_BKr	125.043043043043	2.94693892447239	0.875440055055055	8.04002056948128
515H_BKr2	103.75975975976	2.28502016225999	0.747599005005005	3.96707777018977
516H_BKr	116.665665665666	2.91172099623354	0.882125522022022	8.49492249775158
516H_BKr2	142.289289289289	3.11655181203209	0.909863419419419	11.1068172613849
517H_BKr	103.136136136136	2.46427938160732	0.796844550550551	4.92930349849546
517H_BKr2	120.304304304304	3.00053352301286	0.896315732232232	9.65487443516496
518H_BKr	83.3203203203203	1.99016384716938	0.687310634634635	3.20151101388548
518H_BKr2	120.681681681682	2.96685285066502	0.893479154154154	9.39964394302112
519H_BKr	153.087087087087	3.37140223099394	0.921715797797798	12.7952065888043
519H_BKr2	129.984984984985	2.95628929657603	0.876696188188188	8.12089077568608
520H_BKr	105.059059059059	2.74398837188928	0.877680773773774	8.18367935530481
520H_BKr2	108.596596596597	2.80461725693568	0.870545683683684	7.73446598163262
521H_BKr	145.663663663664	3.13467350831523	0.897894981481482	9.80952679380817
521H_BKr2	112.692692692693	2.97558361180096	0.89355182982983	9.40860208805154
522H_BKr	132.306306306306	3.13238046416371	0.898645882882883	9.88330417162457
522H_BKr2	135.668668668669	3.19860231525831	0.90565914014014	10.6172240542946
523H_BKr	99.8558558558559	2.71378888911756	0.851962816816817	6.76539205223643
523H_BKr2	58.4454454454454	1.8219859480084	0.677670747247247	3.10528891764735
524H_BKr	100.045045045045	2.51489220552155	0.750658566566567	4.01756518660465
524H_BKr2	72.3623623623624	1.90233152748671	0.662132874874875	2.96277346777071
525H_BKr	113.171171171171	2.77257350542107	0.876079118618619	8.07767085579032
525H_BKr2	128.416416416416	2.90333700812491	0.865342946446446	7.43654653489732
526H_BKr	75.7667667667668	1.85112213291444	0.629044126626627	2.69880215440003
526H_BKr2	99.1931931931932	2.5910813621552	0.815361182682683	5.42543772800289
527H_BKr	119.983983983984	2.90249342603388	0.886788322822823	8.84170328249328
527H_BKr2	71.966966966967	1.44069320537074	0.507530146646647	2.03214091305388
528H_BKr	149.824824824825	3.44508210690018	0.932071978478478	14.7432275720376
528H_BKr2	150.624624624625	3.61015988296608	0.94352199049049	17.7292736623128
529H	94.4814814814815	2.59780953544793	0.845206350850851	6.46861942066363
530H	95.8238238238238	2.15100119241316	0.679268796296296	3.12185546600247
531H	114.78978978979	3.21665785130965	0.923013902902903	13.0065000278359
532H	145.05005005005	3.0719949130787	0.878272253753754	8.22939704573962
533H	119.249249249249	2.64991332919685	0.833665898398398	6.02017302965549
534H	156.725725725726	3.17170136368647	0.891631873373373	9.24374038304969
535H	111.554554554555	2.62630203317646	0.833684854854855	6.01974617072103
536H	126.145145145145	3.22380786033631	0.90955674974975	11.0762627735733
537H	98.8498498498498	2.54100118519782	0.821833624124124	5.62003829334515
538H	121.04004004004	2.60546962692849	0.819301411411411	5.5404948272138
539H	104.01001001001	2.58214984330553	0.802229233233233	5.06428679800952
540H	96.4244244244244	2.4260767267896	0.781137905905906	4.5763870108365
541H	125.738738738739	2.99837384064557	0.868905231231231	7.64435493702772
542H	129.442442442442	2.92144107634691	0.869295929429429	7.66312926079634
543H	120.1001001001	2.85560291020295	0.862021492492492	7.25711351712981
544H	133.064064064064	2.82817671596942	0.835375946946947	6.0841982693943
545H	102.795795795796	2.26818881244529	0.766459644144144	4.28621880611013
546H	97.5785785785786	2.29800766046402	0.796571510510511	4.91937403809166
553H	83.3143143143143	2.1459607067218	0.748741204704705	3.98383906034464
554H	132.415415415415	2.82435336391336	0.853214628128128	6.82084264161742
555H	133.596596596597	2.97994672019333	0.88748482982983	8.89632412906362
556H	92.2642642642643	2.14433418916742	0.784972178178178	4.65329645597687
557H	91.4914914914915	2.61796136329976	0.855195446946947	6.9138526271419
558H	78.1681681681682	2.40593751083945	0.834793632132132	6.05833804733388
559H	102.892892892893	2.66401273840853	0.85989836036036	7.1463027701654
560H	141.415415415415	3.02341260158353	0.884839266266266	8.69566174206604
561H	132.734734734735	2.95115091821835	0.893917958458458	9.4353942058335
562H	137.172172172172	2.75136060395812	0.816444422422422	5.45662424187057
563H	159.435435435435	3.43311641097048	0.927914135635636	13.8929350658204
564H	131.13013013013	3.02537394360948	0.902783063563564	10.2966684534643
565H	131.938938938939	2.76677698026664	0.845579918918919	6.48430867930867
566H	136.116116116116	3.06775267262112	0.89017061011011	9.12129032016144
567H	148.086086086086	3.1995566786673	0.892228671171171	9.29529048741253
568H	132.074074074074	3.14116624390256	0.907371414914915	10.8128022478541
569H	135.179179179179	3.14499626912856	0.892751817817818	9.34085388397484
570H	136.288288288288	2.98184386819926	0.870675921921922	7.74698603097021
577H	109.650650650651	2.74848763088076	0.883440378878879	8.58644661949107
578H	107.77977977978	2.72887301331914	0.874860418918919	7.99916825082192
579H	142.296296296296	3.05192426570038	0.869637362362362	7.68706909466737
580H	134.228228228228	3.0049276061677	0.889872421421421	9.09303213030517
581H	147.551551551552	3.24478094183244	0.921168303803804	12.699679767206
582H	138.498498498498	3.07353352488735	0.895383701701702	9.57193229238608
583H	107.477477477477	2.82203228052025	0.888975757257257	9.01574274946136
584H	127.173173173173	2.74563243721924	0.827866531031031	5.81918547317489
585H	133.39039039039	2.94077329113009	0.87612125025025	8.0830990734133
586H	126.083083083083	2.72263137748666	0.8461491001001	6.5067706440043
587H	117.797797797798	2.865215396689	0.871205398898899	7.7749165523771
588H	113.075075075075	3.05248127849216	0.910204421421421	11.1516179152975
BK_481H	93.4754754754755	2.42312347616276	0.798914802802803	4.97948820649891
BK_481H2	103.407407407407	2.49804500030442	0.828353682682683	5.83122779249169
BK_482H	81.4024024024024	2.0454191377428	0.747378531031031	3.96165457553738
BK_482H2	73.1951951951952	1.99977116459352	0.743173670670671	3.89677242853207
BK_483H	115.083083083083	2.71062861097853	0.83067437037037	5.91533506113752
BK_483H2	105.416416416416	2.16680637131207	0.703297592592593	3.37425364073064
BK_484H	76.053053053053	1.73766097628003	0.606098917917918	2.54109036910589
BK_484H2	89.0860860860861	2.00021545037372	0.651670305805806	2.87400097154067
BK_485H	69.6596596596597	1.7667757979232	0.627647676176176	2.68807436858486
BK_485H2	86.6946946946947	1.90791129014887	0.611126551051051	2.57447792974186
BK_486H	74.7197197197197	2.17129385924022	0.782788797797798	4.607677834945
BK_486H2	78.006006006006	2.2813163735207	0.790141174174174	4.77052252644189
BK_487H	115.901901901902	2.86185967716899	0.876466356856857	8.10534580646485
BK_487H2	130.745745745746	3.17321303765864	0.897742711211211	9.79906210878391
BK_488H	100.033033033033	2.68632044511095	0.82827045045045	5.8338158258448
BK_488H2	129.93993993994	3.03262664244768	0.872857778778779	7.88035994983074
BK_489H	128.067067067067	3.35585462048265	0.92169355005005	12.791412833885
BK_489H2	125.191191191191	3.33155955202793	0.928957165165165	14.0949650308815
BK_490H	115.767767767768	3.13922033161611	0.920398581581582	12.5749227885274
BK_490H2	136.462462462462	3.33474892299898	0.929048074574575	14.1126567387833
BK_491H	118.232232232232	3.01175948215143	0.896226108108108	9.65066064205337
BK_491H2	92.1251251251251	2.59403368714238	0.857414363863864	7.02091624002789
BK_492H	109.783783783784	2.87692474502776	0.888085626126126	8.94598726444682
BK_492H2	139.305305305305	3.04561260612136	0.899441482482482	9.9550362673487
BK_493H	111.710710710711	2.89024008864745	0.886392341341341	8.8132621472812
BK_493H2	117.352352352352	2.99478131231278	0.898998490990991	9.91200003638968
BK_494H	119.75975975976	2.48093278312496	0.790650258258258	4.78309651447656
BK_494H2	150.351351351351	3.01314732867876	0.866151529029029	7.4826085823356
BK_495H	118.288288288288	2.8035486814088	0.852151302802803	6.7733995201685
BK_495H2	157.214214214214	3.43323410210984	0.922394361361361	12.9064349404914
BK_496H	127.582582582583	3.07146262899324	0.899077662162162	9.92266288608497
BK_496H2	162.191191191191	3.2736498318553	0.900046801801802	10.0239603144136
BK_497H	138.735735735736	3.22549078611368	0.91047215965966	11.1863128696229
BK_497H2	170.038038038038	3.18975692963615	0.877724394394394	8.19650707265459
BK_498H	118.033033033033	3.2855326980165	0.92427144994995	13.2255128354001
BK_498H2	136.365365365365	3.02103228441134	0.890785287287287	9.16915718641961
BK_499H	127.138138138138	2.70515796974848	0.791168388388388	4.79683014014321
BK_499H2	136	2.88764245625998	0.854347528528529	6.87406401430792
BK_500H	72.984984984985	2.48123202838689	0.825576451451451	5.739562012762
BK_500H2	64.6696696696697	2.26888939592561	0.820893900900901	5.58793327995785
BK_501H	68.3413413413413	2.61759704337353	0.881669904404404	8.45849254355696
BK_501H2	73.6226226226226	2.24368477825259	0.781760288288288	4.58760087021911
BK_502H	109.506506506507	3.30510568439051	0.93320156956957	14.9893452614212
BK_502H2	122.733733733734	2.92033574394327	0.852588792792793	6.79605346686908
BK_503H	93.1401401401401	2.93567771704944	0.87254057957958	7.86018968522949
BK_503H2	96.6866866866867	2.13621593062984	0.710265147147147	3.45552177921717
BK_504H	115.011011011011	3.25942010588454	0.887241041541541	8.89244808769741
BK_504H2	128.242242242242	3.67569444615071	0.950083623623624	20.0730270830982
RH_100H	102.408408408408	2.28402087461511	0.771544237737738	4.38200596565303
RH_101H	117.76976976977	2.36140083781107	0.718225287787788	3.55389347565545
RH_102H	114.908908908909	2.69549853508227	0.818029553553554	5.50510313955757
RH_103H	89.3813813813814	2.43331876431336	0.781661864364364	4.58761934203071
RH_104H	111.672672672673	2.56204286754682	0.822253953953954	5.63199857385844
RH_105H	95.1781781781782	2.23857829293418	0.720005090590591	3.57619688087828
RH_106H	119.205205205205	2.68896279428006	0.802255429429429	5.06581150605107
RH_107H	127.992992992993	2.7550578499286	0.844118412912913	6.42471884829571
RH_108H	128.532532532533	2.65512459111231	0.777024263263263	4.49163960466156
RH_109H	108.269269269269	2.19734024219641	0.710801237737738	3.46182996327298
RH_10H	87.9059059059059	1.89237341946905	0.724849441941942	3.63731545446413
RH_110H	80.2692692692693	1.89891678662012	0.641627543543544	2.79339432318146
RH_111H	85.2132132132132	1.78572328351829	0.592828614114114	2.45835840114879
RH_112H	93.018018018018	2.13067298067883	0.711387196696697	3.4687413355455
RH_113H	119.268268268268	2.32716434472247	0.746050811811812	3.94182342423031
RH_114H	107.520520520521	2.30203755074168	0.730046586086086	3.70860970114477
RH_115H	84.6476476476476	1.92254179021108	0.660074831331331	2.94492080787276
RH_116H	84.3183183183183	1.93918883906371	0.639584248748749	2.77755400866967
RH_117H	71.3393393393393	1.76243094803601	0.608736375375375	2.55835517562321
RH_118H	118.875875875876	2.68735088098065	0.810406088088088	5.28383555806478
RH_119H	83.5835835835836	1.88863226213283	0.618857475475475	2.62649133533289
RH_11H	68.2492492492492	1.59872293921842	0.679309553053053	3.12026481362746
RH_120H	104.341341341341	2.37381454203695	0.725975063563564	3.65478709956165
RH_121H	159.243243243243	3.58996044635244	0.92885293043043	14.0878447791173
RH_122H	105.992992992993	2.88443951930366	0.88803101051051	8.94151927901914
RH_123H	123.294294294294	3.28021688271732	0.903833091591592	10.4210695428262
RH_124H	178.643643643644	3.64089002501332	0.931226456456456	14.569338519469
RH_125H	159.303303303303	3.34207589757901	0.904786975975976	10.5260922093264
RH_126H	124.171171171171	2.91784501125052	0.855720787787788	6.94490682206808
RH_127H	132.306306306306	3.04192024124878	0.866610848848849	7.51375999950114
RH_128H	108.073073073073	2.84392396126334	0.866919239239239	7.52567094040769
RH_129H	118.643643643644	3.13451437408001	0.899192933933934	9.93615201274327
RH_12H	60.5165165165165	1.47431698648983	0.622382100600601	2.64950402316364
RH_130H	109.227227227227	2.50547203360657	0.770130378878879	4.35736752941559
RH_131H	123.88988988989	2.7325611206567	0.80215665015015	5.06401770689121
RH_132H	142.680680680681	2.98562734263363	0.860312978478478	7.17224383132078
RH_133H	129.159159159159	3.20556319851487	0.911745534534535	11.3486757681779
RH_134H	135.276276276276	3.69300012935415	0.952630058058058	21.1433311248467
RH_135H	151.022022022022	3.78111840932755	0.953825108608609	21.6923642880415
RH_136H	147.422422422422	3.42669681758373	0.924082842342342	13.1945786575907
RH_137H	116.132132132132	2.80246902760839	0.868392338838839	7.60918056737809
RH_138H	164.610610610611	3.8145191957664	0.955415120620621	22.4626412506571
RH_139H	125.247247247247	3.06159302938043	0.886585097097097	8.83063955245722
RH_13H	115.722722722723	2.35894687961067	0.793155868368368	4.8390797321905
RH_140H	94.013013013013	2.53848344532858	0.835122632632633	6.07145062382433
RH_141H	125.344344344344	3.37669967281438	0.926139622622623	13.5621334014011
RH_142H	149.205205205205	3.2022112474044	0.88499641041041	8.71319737990263
RH_143H	119.091091091091	2.92696420359747	0.87534016016016	8.03382824153347
RH_144H	152.924924924925	3.58129762641955	0.942685015015015	17.4734049747537
RH_145H	102.840840840841	3.06248999629532	0.899832466466466	9.99717177567368
RH_146H	118.45045045045	3.47178822490681	0.948239897897898	19.340176095753
RH_147H	107.334334334334	2.98036718854462	0.890329644144144	9.13013675165457
RH_148H	126.154154154154	3.00054843491847	0.875438782782783	8.04371010194119
RH_149H	108.666666666667	3.29915094858043	0.92818149049049	13.9423399830235
RH_14H	104.787787787788	1.98229015678575	0.699362165165165	3.32915649351557
RH_150H	166.436436436436	3.68525107021267	0.941819130630631	17.2193072092788
RH_151H	88.8308308308308	1.68971748184894	0.550177232732733	2.22507545220115
RH_152H	69.8838838838839	1.19635192270405	0.410586455455455	1.6974994321881
RH_153H	139.838838838839	3.26595516029538	0.912579266766767	11.4600389484117
RH_154H	69.1161161161161	1.3033488210852	0.444809770770771	1.80221747047135
RH_155H	143.838838838839	2.64332347590063	0.76616469019019	4.28402304295806
RH_156H	125.765765765766	2.96772826554002	0.874015247747748	7.95200678918506
RH_157H	79.5955955955956	1.36636256669801	0.438158531031031	1.78095228623734
RH_158H	110.449449449449	2.55803561594828	0.829855096096096	5.8836827948818
RH_159H	135.002002002002	2.89405811250565	0.87216289039039	7.83504006368427
RH_15H	121.101101101101	2.65558656884731	0.806542234234234	5.17803657738029
RH_160H	91.2952952952953	1.63125783016402	0.536965134134134	2.16141929247048
RH_161H	109.24024024024	2.15136199566215	0.674910482482483	3.08019999800688
RH_162H	171.196196196196	3.178594580414	0.87117688038038	7.77804009994026
RH_163H	174.286286286286	3.37803348200373	0.920307422922923	12.5641800723742
RH_164H	162.316316316316	3.38357311776255	0.914813575575576	11.7587120483797
RH_165H	126.845845845846	3.07559796622642	0.898708598598599	9.88566783552465
RH_166H	139.621621621622	2.77795638879732	0.827022539039039	5.79098586831156
RH_167H	146.582582582583	2.48478218601693	0.705317773273273	3.39857161574791
RH_168H	138.033033033033	3.04110002892242	0.873665659159159	7.93102577596241
RH_169H	89.031031031031	2.37248154794545	0.817933467967968	5.49740677908181
RH_16H	153.089089089089	2.62755738721632	0.78402077027027	4.63662073709314
RH_170H	113.855855855856	2.2013126455152	0.727008665665666	3.66791026629657
RH_171H	60.3273273273273	1.62853160355114	0.588062783283283	2.42951971400317
RH_172H	84.1511511511512	1.96499394349913	0.70941265015015	3.44468737581732
RH_173H	134.543543543544	2.75567586538511	0.814179299299299	5.39190361548065
RH_174H	82.4954954954955	1.80706095838272	0.634871811811812	2.74151950168587
RH_175H	94.5495495495496	3.02162614886175	0.915158881381381	11.797961329491
RH_176H	111.87987987988	2.71200226421186	0.845567735235235	6.48606313144991
RH_177H	132.597597597598	2.91270499069646	0.854017568068068	6.86226135113989
RH_178H	126.71971971972	3.11553619175814	0.905130200700701	10.5569646841887
RH_179H	93.9029029029029	2.23973701073695	0.736101731231231	3.79445516863082
RH_17H	166.367367367367	3.10913122303612	0.866003538038038	7.47631844336856
RH_180H	131.678678678679	3.15471676281722	0.896160264264264	9.64828182045882
RH_181H	128.152152152152	2.96478284456829	0.886672359359359	8.83534445899243
RH_182H	110.201201201201	2.90948571885406	0.899186091091091	9.92940981634889
RH_183H	137.296296296296	3.03786990213727	0.872048384884885	7.83057707131536
RH_184H	116.774774774775	2.49630755493137	0.810568172172172	5.28421762076412
RH_185H	171.451451451451	3.26177604996649	0.876210756756757	8.09614943019686
RH_186H	128.274274274274	2.85651971559295	0.832153991491491	5.97045298321148
RH_187H	146.697697697698	3.14718583085671	0.894671896396396	9.50843900662988
RH_188H	178.538538538539	3.50309083447597	0.917763226726727	12.1872873004951
RH_189H	160.54954954955	3.37121553060089	0.917070661161161	12.080378855865
RH_18H	117.105105105105	2.41224821860767	0.82030426026026	5.56933123038459
RH_190H	197.922922922923	3.54502523595353	0.914924376376376	11.779773845125
RH_191H	169.686686686687	3.36199908861045	0.915791190690691	11.8924862479459
RH_192H	175.424424424424	3.25586674502045	0.89949014964965	9.965670397597
RH_193H	158.844844844845	3.14666686430746	0.895382744244244	9.57311151090104
RH_194H	160.053053053053	3.24552251301623	0.87628438038038	8.10280028200926
RH_195H	147.313313313313	3.20526899202783	0.910174155655656	11.1478643587559
RH_196H	159.073073073073	3.36205468524218	0.914513694194194	11.7181700619266
RH_197H	167.45045045045	3.44859897035109	0.924257817817818	13.2243912794143
RH_198H	198.429429429429	3.74604182369307	0.92692716966967	13.7290773278722
RH_199H	90.7707707707708	1.86411165807406	0.601909805805806	2.51459122430975
RH_19H	127.338338338338	2.68885981992928	0.782497910910911	4.60547340292223
RH_1H	41.8618618618619	1.16118762029868	0.503517255755756	2.01520741569393
RH_200H	124.581581581582	2.77800444809154	0.855840940940941	6.9463271002275
RH_201H	101.391391391391	2.69868605835001	0.851370800800801	6.73834079821677
RH_202H	167.562562562563	3.4398236577114	0.919484638638639	12.4442586922527
RH_203H	209.856856856857	3.68928978842715	0.936002738238238	15.6537915505945
RH_204H	209.043043043043	3.67619339207713	0.922651615115115	12.9629116161469
RH_205H	112.528528528529	2.90192796998577	0.876368860860861	8.10033638951281
RH_206H	101.722722722723	2.83558620866808	0.877253247747748	8.15713827673784
RH_207H	119.272272272272	2.9766059926232	0.891509117617618	9.22909596331018
RH_208H	154.248248248248	3.19268473392628	0.893467434434434	9.4046120189553
RH_209H	150.537537537538	3.3225524834037	0.910950105605606	11.2507732098695
RH_20H	166.542542542543	3.57957054408139	0.907656090590591	10.8538587663923
RH_210H	162.550550550551	3.25212896969466	0.891989541541542	9.27736536256555
RH_211H	129.647647647648	3.36598935900795	0.928629910910911	14.0329356342637
RH_212H	107.116116116116	3.10795285988864	0.913735980980981	11.6083041693724
RH_213H	133.016016016016	3.13659717355613	0.906563225225225	10.7169525303802
RH_214H	148.277277277277	3.35150442310113	0.918551626626627	12.2984676977604
RH_215H	128.678678678679	3.03900564067942	0.891834956956957	9.25890890691091
RH_216H	141.292292292292	3.22664583792692	0.914016217717718	11.6473418978556
RH_217H	171.913913913914	3.44758487800812	0.920274820820821	12.5602456220207
RH_218H	132.071071071071	2.58128692260123	0.827032407407407	5.78636574690716
RH_219H	117.852852852853	2.8982126641059	0.890408464964965	9.13371956761798
RH_21H	70.8608608608609	1.87177553108364	0.711655055555556	3.4712728867187
RH_220H	143.37037037037	3.11679394874975	0.894138622622623	9.4622465526553
RH_221H	158.786786786787	3.27314921261036	0.916687547547548	12.017489681168
RH_222H	170.349349349349	3.4397860157519	0.929749533033033	14.2524587163269
RH_223H	140.906906906907	3.0321668760336	0.881528417917918	8.45444871927777
RH_224H	132.744744744745	3.2777157345604	0.920870935935936	12.6590307437882
RH_225H	125.635635635636	3.11273434733437	0.902406602102102	10.261501340126
RH_226H	174.525525525526	3.37789286548285	0.918544834834835	12.2946329223924
RH_227H	203.923923923924	3.67781693765862	0.929998888888889	14.3158463479961
RH_228H	151.418418418418	3.16830154239116	0.904141234734735	10.4463144672272
RH_229H	132.402402402402	2.90533537169463	0.865696476976977	7.45995392217664
RH_22H	146.740740740741	2.67122863058228	0.829141082082082	5.85913788496324
RH_230H	137.951951951952	3.14019335201631	0.892228294294294	9.29803999842246
RH_231H	147.165165165165	3.24369389421758	0.916640323823824	12.0117055645803
RH_232H	167.971971971972	3.24031693972963	0.894629815815816	9.50895083243325
RH_233H	120.992992992993	3.05539752208081	0.90870258958959	10.9648236165827
RH_234H	139.333333333333	3.2526630467803	0.917378246246246	12.1179015292394
RH_235H	120.921921921922	2.81018241013706	0.842300545045045	6.35304046827273
RH_236H	117.736736736737	3.16805131325026	0.925533583583584	13.4412159058145
RH_237H	107.235235235235	2.86834987224734	0.887373924924925	8.88916157213208
RH_238H	131.600600600601	3.10317936393231	0.89994146046046	10.0080396962189
RH_239H	123.073073073073	2.83137494346625	0.869082222222222	7.64902247234467
RH_23H	167.771771771772	3.19478493600593	0.873068093093093	7.89043811728377
RH_240H	137.274274274274	3.24033315965973	0.902695408908909	10.2957415187598
RH_24H	163.616616616617	2.90418268843569	0.842856483483484	6.37180518956017
RH_25H	93.5555555555556	1.94492149690974	0.724652448948949	3.63456530621566
RH_26H	53.7477477477477	1.59906638748734	0.641333448448448	2.78997179693058
RH_27H	47.5635635635636	1.67538399458615	0.681107935935936	3.13795996992247
RH_28H	24.985985985986	0.895147760968351	0.504380920920921	2.01809311406812
RH_29H	45.981981981982	1.17652493989605	0.563955312812813	2.29411035398839
RH_2H	59.7227227227227	1.52144502295304	0.628949274274274	2.69672911953194
RH_30H	80.2172172172172	1.51868820242555	0.611020607607608	2.57238075849702
RH_31H	130.915915915916	2.77328361359419	0.815308208208208	5.42329776953687
RH_32H	112.178178178178	3.02631035158433	0.893447423423423	9.39872737224021
RH_33H	73.7797797797798	2.32351387942008	0.823446843843844	5.67046541477975
RH_34H	48.5595595595596	1.38662655777282	0.545001941441441	2.19927859078687
RH_35H	80.4564564564565	2.14630529696455	0.805963445445445	5.15690846224634
RH_36H	49.4724724724725	1.56682459245687	0.696973515515516	3.30175654008548
RH_37H	21.3403403403403	0.283053045699422	0.0920699494494495	1.1015124102014
RH_38H	63.008008008008	2.20404647267566	0.784683076576577	4.65054287482138
RH_39H	73.0830830830831	1.96872504918607	0.743840903903904	3.90734295452131
RH_3H	80.3643643643644	2.449247661449	0.829617366366366	5.87495163621691
RH_40H	175.958958958959	3.34877949922074	0.902817068568569	10.3093522508453
RH_41H	156.775775775776	3.30607523940952	0.920507441941942	12.5949956130173
RH_42H	174.96996996997	3.59949862919723	0.943140571571572	17.6065446730372
RH_43H	106.796796796797	2.64088725992013	0.842960064564565	6.37618540860066
RH_44H	105.441441441441	2.75546201382907	0.87187698048048	7.812576159463
RH_45H	33.9109109109109	0.847422583512326	0.291109378878879	1.41112480492047
RH_46H	196.208208208208	3.86081663572762	0.951630741241241	20.7071167786071
RH_47H	164.757757757758	3.3568281808694	0.915558035035035	11.8613178780001
RH_48H	188.934934934935	3.64083444864457	0.930994567067067	14.5224690613649
RH_49H	123.786786786787	3.1375314140397	0.922913402902903	12.9854403804486
RH_4H	43.4224224224224	1.21468253440107	0.574243305305305	2.34961096779968
RH_50H	149.266266266266	3.20916083460628	0.898335945445445	9.85055050102048
RH_51H	110.742742742743	2.58879937153975	0.834038646146146	6.03474871669506
RH_52H	47.6476476476476	1.27260857821151	0.560918602102102	2.27876066025737
RH_53H	95.052052052052	1.66545682512663	0.549434675675676	2.22156827981367
RH_54H	95.0990990990991	1.48157461093969	0.470649143143143	1.89046909341261
RH_55H	120.007007007007	3.30392874470553	0.920044323323323	12.5291922130657
RH_56H	115.858858858859	2.84561767738578	0.887571165665666	8.90131662491202
RH_57H	124.295295295295	2.66623852455027	0.83351114964965	6.01437866590656
RH_58H	129.607607607608	2.88117483781106	0.891245491991992	9.20256854704842
RH_59H	116.568568568569	2.2036826990927	0.721338296296296	3.59307539466464
RH_5H	87.7157157157157	1.84959353742825	0.701361315815816	3.35115752866152
RH_60H	155.702702702703	2.8515590859893	0.845108092592593	6.46516319127696
RH_61H	84.0970970970971	2.3861605937544	0.821301039039039	5.60211313927093
RH_62H	80.1221221221221	2.55954187210204	0.865349866866867	7.4331570733631
RH_63H	77.016016016016	2.53366099830955	0.848153463963964	6.59250163046151
RH_64H	106.522522522523	2.26465721653008	0.743176051551552	3.89832535403546
RH_65H	91.3093093093093	2.07031326392956	0.711702984484484	3.47243222302862
RH_66H	117.792792792793	2.73015178303027	0.824151106106106	5.69702387591125
RH_67H	95.6086086086086	2.16859297360143	0.718113691691692	3.55227524245433
RH_68H	101.311311311311	2.39292286180085	0.755393461461461	4.0938377476137
RH_69H	106.743743743744	2.72532495064554	0.841984985985986	6.33906277798175
RH_6H	63.3443443443443	1.2458484240089	0.562115972472472	2.2845886510457
RH_70H	83.8938938938939	2.17192086429651	0.768058711711712	4.31524942991548
RH_71H	110.847847847848	2.71134415065041	0.828968809309309	5.8572162109911
RH_72H	94.1741741741742	2.05405660936297	0.655096581081081	2.90271003010142
RH_73H	106.856856856857	2.59993272374399	0.833073422922923	5.99695489004014
RH_74H	132.558558558559	3.11466066252688	0.903127426426426	10.3354597292988
RH_75H	102.362362362362	2.80033415954276	0.868555074574575	7.61734226900848
RH_76H	99.3973973973974	2.49447359426532	0.818690053053053	5.52221562570993
RH_77H	124.567567567568	2.84111854532819	0.867255427427427	7.54274482217027
RH_78H	141.102102102102	3.06352615867249	0.885872983483484	8.77480672300317
RH_79H	128.51051051051	3.39027293911357	0.930813512512513	14.4754908521302
RH_7H	114.758758758759	2.81041639947908	0.858908323323323	7.09869765068688
RH_80H	130.126126126126	3.11517152849743	0.877408040540541	8.17386790020128
RH_81H	111.313313313313	2.9478434479579	0.900504278278278	10.0616327812703
RH_82H	125.069069069069	2.96924310037188	0.885597366866867	8.75148203122711
RH_83H	118.064064064064	2.95256252985659	0.897248535035035	9.74129112740221
RH_84H	166.717717717718	3.28993046574112	0.891468207207207	9.22999763720847
RH_85H	110.092092092092	3.09244208241313	0.910047144644645	11.1313435080393
RH_86H	78.3373373373373	1.92722427625263	0.645731597097097	2.82579149195728
RH_87H	107.164164164164	2.69229365282332	0.810763828328328	5.29434737205537
RH_88H	120.005005005005	2.80091848748471	0.864914689189189	7.41107359709545
RH_89H	94.7967967967968	2.4790295402505	0.816650798798799	5.46083466008721
RH_8H	116.437437437437	2.56458405346443	0.819886461961962	5.55809188910732
RH_90H	91.6836836836837	2.64248545792613	0.853677317817818	6.84065479474555
RH_91H	72.0690690690691	2.01662150981637	0.73980634034034	3.84611377468505
RH_92H	69.4084084084084	1.96524121886664	0.718892321321321	3.56084632694505
RH_93H	87.5645645645646	2.1918719877816	0.764620486486487	4.25204794000587
RH_94H	101.574574574575	2.53863449311142	0.816460773773774	5.45430298800926
RH_95H	84.3613613613614	2.14892210101135	0.761995721221221	4.20510430032866
RH_96H	76.2632632632633	2.23445906520915	0.821052557057057	5.59120646730169
RH_97H	81.2732732732733	2.26443328015915	0.81766415965966	5.48773782953903
RH_98H	80.1911911911912	1.94757520630434	0.687679123623624	3.20521012602539
RH_99H	95.4194194194194	1.94669706584519	0.639171988988989	2.77424353048552
RH_9H	97.7047047047047	2.35940913977561	0.827970524024024	5.8174112679385
RT_100H	62.0750750750751	2.1617387567911	0.802102481981982	5.05705328490705
RT_101H	53.4614614614615	1.97682539033169	0.723424250750751	3.61963831945474
RT_102H	46.2262262262262	2.16740033322769	0.803889365865866	5.10512263996509
RT_103H	50.6656656656657	0.978056734020151	0.343933141641642	1.52486448471676
RT_104H	48.5335335335335	1.62726559762112	0.59303056006006	2.45908455409936
RT_105H	61.1631631631632	2.28359250237746	0.826432508508508	5.76524331712211
RT_106H	67.1521521521522	1.82675748468627	0.611511708208208	2.57677779508886
RT_107H	52.1981981981982	2.24394435431548	0.843128800800801	6.37832193251619
RT_108H	67.6306306306306	2.12342440798947	0.714718518018018	3.50981844340304
RT_109H	54.0520520520521	2.32483135507157	0.814914664664665	5.40869910419239
RT_10H	19.7297297297297	1.62217740949997	0.751008695195195	4.01763331488984
RT_110H	44.2792792792793	1.63196387783622	0.69648811011011	3.2961884779341
RT_111H	48.5155155155155	1.69182505752895	0.669435088588589	3.02745496969174
RT_112H	41.0640640640641	1.05351284604142	0.384592481481482	1.62569881236671
RT_113H	58.6686686686687	2.26230390194065	0.827682643643644	5.80693511297695
RT_114H	37.1241241241241	0.980714624930636	0.359988380880881	1.56320449687445
RT_115H	44.7507507507508	1.44921398250282	0.60839286036036	2.55511814656802
RT_116H	38.956956956957	1.40483232278455	0.596072958958959	2.47725394250906
RT_117H	37.1321321321321	1.37552448416116	0.622705950950951	2.65144189838628
RT_118H	47.7047047047047	1.76976004424876	0.650255616116116	2.86235804926593
RT_119H	34.5125125125125	1.16640350772561	0.448207209209209	1.81339938799461
RT_11H	15.5465465465465	1.06326326463045	0.55960074024024	2.27157130243593
RT_120H	47.3163163163163	2.20500476657273	0.802083338338338	5.06000245152244
RT_121H	71.5555555555556	2.60519620813599	0.819234202202202	5.54282314916458
RT_122H	75.8848848848849	2.39873650533556	0.733035025525526	3.75212597630873
RT_124H	81.1611611611612	2.75635820640677	0.900203818818819	10.0267997615123
RT_125H	106.90990990991	3.27566085112398	0.920498819319319	12.6009772616014
RT_126H	93.8808808808809	3.20916300905198	0.931453791291291	14.6066934692376
RT_127H	67.5475475475476	1.83328006634731	0.658578480480481	2.93180754722379
RT_128H	64.2672672672673	2.32563039058641	0.837405557557558	6.15448857511907
RT_129H	64.0950950950951	1.99898861114924	0.650141895395395	2.8617570271382
RT_12H	15.4664664664665	1.54617906134781	0.738303692692693	3.82278670110119
RT_130H	63.5735735735736	1.86266505462068	0.668347771771772	3.01805094965443
RT_131H	94.3653653653654	2.78262144585424	0.885997638138138	8.77922080964927
RT_132H	87.8088088088088	2.64871492213691	0.837197730730731	6.15288687177157
RT_133H	62.8688688688689	1.82311401375839	0.57687685035035	2.36564114914109
RT_134H	65.7007007007007	2.19843430393961	0.68252112012012	3.1545436136473
RT_135H	80.2552552552552	2.33449687586882	0.808302795295295	5.22138971011597
RT_136H	80.8248248248248	2.4722224738408	0.781184777777778	4.57814380084737
RT_137H	80.6136136136136	2.76191356944723	0.892244206706707	9.28798468198452
RT_138H	88.018018018018	2.54881208030975	0.853301521521521	6.82208712785291
RT_139H	103.181181181181	2.09546801305156	0.61700250950951	2.61395898689206
RT_13H	34.5445445445445	1.36494727815786	0.633862524024024	2.7327153821372
RT_140H	62.3123123123123	0.882339361326297	0.262630325325325	1.35659058415899
RT_141H	60.2802802802803	1.1860985810687	0.394854586086086	1.65339901885989
RT_142H	85.9079079079079	2.65921510322353	0.844330073073073	6.43421895592942
RT_143H	70.6176176176176	2.32578504963895	0.816500654654655	5.45657839815903
RT_144H	89.9109109109109	2.93468493415089	0.900158942942943	10.0285484624884
RT_145H	42.8868868868869	2.09912586024753	0.736780904904905	3.8045748180414
RT_146H	50.7157157157157	2.31007595489784	0.818769362362362	5.5240038651395
RT_147H	40.2632632632633	1.43169752489969	0.511302279279279	2.04773659073474
RT_148H	112.329329329329	2.72818737691982	0.849097311311311	6.63534882732428
RT_149H	83.8928928928929	1.13126524669863	0.332548046046046	1.49890301142007
RT_14H	51.7367367367367	1.70779013922558	0.730538662162162	3.71271267059612
RT_150H	99.049049049049	3.0285949165357	0.898580603103103	9.87352400916772
RT_151H	36.5255255255255	0.973381812156106	0.374903254754755	1.60052390631735
RT_152H	25.2112112112112	0.69662957797198	0.287649837337337	1.40430043787354
RT_153H	58.6156156156156	1.86330631110589	0.669395698698699	3.0283622951134
RT_154H	39.1311311311311	0.929920004920949	0.348018997997998	1.53442122324088
RT_155H	65.4484484484484	1.50356836739695	0.489113891391391	1.95878209746842
RT_156H	73.2522522522522	2.20728730729652	0.741780116616617	3.87882981053242
RT_157H	40.7707707707708	0.950857907463423	0.330734004504505	1.49473166801059
RT_158H	42.8258258258258	1.12487082450064	0.405828869369369	1.68398937992421
RT_159H	46.9199199199199	1.44013731629599	0.507860283283283	2.03350359350264
RT_15H	47.4374374374374	1.9278038297255	0.794198574074074	4.86120570329841
RT_160H	45.2862862862863	1.10138157227464	0.402234442942943	1.67378523898944
RT_161H	37.1721721721722	1.12982580598511	0.450923024524525	1.82234956388165
RT_162H	81.4034034034034	2.00679234364148	0.637955985485485	2.76529104467283
RT_163H	64.97997997998	2.53533589803639	0.863977536536537	7.35980364608264
RT_164H	48.0780780780781	1.09835257876947	0.373929831831832	1.59803624642795
RT_165H	56.970970970971	2.62548276111326	0.868472266766767	7.61153073795894
RT_166H	48.3683683683684	1.2089184599349	0.414767173173173	1.70968933303632
RT_167H	34.3503503503504	0.595342823733942	0.184022969469469	1.22580724421323
RT_168H	78.6246246246246	2.83267160460397	0.890209954954955	9.11863443411142
RT_169H	27.1691691691692	0.919580108620685	0.46290757957958	1.86260957295795
RT_16H	50.5095095095095	1.40631243154385	0.591619188188188	2.45026748443439
RT_170H	62.1371371371371	1.85093890396608	0.660689496496496	2.95054875367029
RT_171H	42.3273273273273	1.3376939481539	0.476519710710711	1.91165829107859
RT_172H	41.1261261261261	1.28363258912007	0.527713900900901	2.11869155311353
RT_173H	34.95995995996	0.788783216787832	0.293721582082082	1.41637547214615
RT_174H	30.0830830830831	1.23415464613713	0.556069759259259	2.2540670892306
RT_175H	51.2922922922923	1.89105907155599	0.736227304804805	3.79387085226143
RT_176H	57.9259259259259	2.23585795195291	0.820261602102102	5.56786695983442
RT_177H	58.951951951952	2.34301256994586	0.829895094594595	5.88285020053214
RT_178H	71.955955955956	2.77605252803053	0.897284830830831	9.74353443264214
RT_179H	32.5235235235235	0.77108869316992	0.287948571571572	1.40483873351734
RT_17H	51.4024024024024	1.14213961612681	0.421092116116116	1.72829214693401
RT_180H	64.2982982982983	2.53258304454811	0.838398201201201	6.19784018774365
RT_181H	60.2222222222222	2.43430988184863	0.863988486486487	7.35701504947744
RT_182H	58.6276276276276	2.56449978135571	0.877502154154154	8.17036789319457
RT_183H	63.2902902902903	2.50787704280833	0.865592447947948	7.44539805029311
RT_184H	58.0500500500501	1.39993265205329	0.497254621621622	1.99047307654683
RT_185H	88.3023023023023	2.80550935510943	0.886716507507508	8.83840908367786
RT_186H	49.7687687687688	1.70182347209847	0.602913055055055	2.52084137097693
RT_187H	57.7227227227227	1.84058665122611	0.66559821971972	2.99364275648221
RT_188H	99.3053053053053	2.93667743700758	0.885702596596597	8.76144476175522
RT_189H	52.9409409409409	1.47525692169382	0.523569448448448	2.10057209135065
RT_18H	44.4664664664665	1.54866221501045	0.681427564564565	3.14076554337426
RT_190H	81.8488488488488	2.81115559227454	0.894188832832833	9.45927080742632
RT_191H	44.9459459459459	1.22518021939652	0.426456755255255	1.74452095704709
RT_192H	77.8748748748749	2.77590575114175	0.887664548548549	8.91012174794665
RT_193H	85.946946946947	2.92222826034041	0.905301133133133	10.5720203641225
RT_194H	86.7627627627628	2.6863264723854	0.849655207707708	6.66207633578427
RT_195H	92.4544544544544	2.67460652516112	0.856181672672673	6.96264194508897
RT_196H	64.950950950951	2.78836310169574	0.89890163963964	9.90148225456462
RT_197H	52.7487487487487	1.41508767352065	0.475453585585586	1.90772119973391
RT_198H	106.876876876877	3.3897955178074	0.942840671671672	17.5166022460719
RT_199H	29.5245245245245	0.699993977028769	0.272422169169169	1.37481502956076
RT_19H	46.5545545545546	1.31460375701557	0.503987337337337	2.01732877946164
RT_1H	16.3653653653654	0.775271926955606	0.413469591591592	1.70549577305982
RT_200H	44.5255255255255	1.20279166078057	0.448742072072072	1.81514392103546
RT_201H	95.5455455455456	2.05674090423213	0.627770432432432	2.68942661533894
RT_202H	77.3003003003003	2.94995642633096	0.915278556556557	11.8137542831424
RT_203H	67.6106106106106	2.27035515327778	0.75677917967968	4.1174864133137
RT_204H	90.2782782782783	2.62473194545024	0.808160007507507	5.22296395548751
RT_205H	63.6086086086086	1.85352994272127	0.660543011011011	2.94894950099617
RT_206H	69.7697697697698	2.33330341173174	0.790577295795796	4.78177617505302
RT_207H	70.1491491491492	2.5418218123955	0.851290723723724	6.73222229936704
RT_208H	63.1491491491491	2.77342630746046	0.897361634634635	9.75346758247257
RT_209H	53.8378378378378	2.32916728246871	0.815712459459459	5.43269416693655
RT_20H	51.9079079079079	1.57124018336957	0.612511543043043	2.58253918683445
RT_210H	70.980980980981	2.67826562488009	0.876009943443443	8.07411544435637
RT_211H	54.8828828828829	0.592017720087877	0.163021967967968	1.19499621529977
RT_212H	85.6096096096096	1.97059032430951	0.607986649149149	2.55340929540469
RT_213H	70.1441441441441	1.84723320095469	0.62027311961962	2.63654035733151
RT_214H	76.02002002002	3.11413934086189	0.93087184034034	14.4773438384077
RT_215H	50.3173173173173	2.1355307933035	0.806456158158158	5.17018449776994
RT_216H	75.1691691691692	2.99738886685946	0.917762094594595	12.1722364531931
RT_217H	89.4664664664665	2.27993399868478	0.784726868868869	4.64957148403651
RT_218H	51.7007007007007	2.3215802997094	0.857333894394394	7.01432648501426
RT_219H	68.4514514514514	1.24986414068183	0.470087937937938	1.88813897144576
RT_21H	29.7157157157157	1.39579134156997	0.669018973973974	3.02259610533322
RT_220H	48.6056056056056	1.4311787773095	0.474693507507507	1.90500450216515
RT_221H	77.034034034034	2.79903919776827	0.905061125125125	10.5400172988028
RT_222H	63.2152152152152	2.74297805800906	0.904096744244244	10.4352414238604
RT_223H	100.495495495495	1.90934700941652	0.574442982982983	2.35221702860083
RT_224H	84.9389389389389	1.62742957642729	0.503692511511512	2.01633761406058
RT_225H	90.3063063063063	1.78554343487895	0.520634188188188	2.08788832368653
RT_226H	80.2722722722723	2.83667488200844	0.896087690690691	9.63618573216356
RT_227H	86.7637637637638	2.48905055492073	0.777968345345345	4.51160450234429
RT_228H	59.2532532532533	2.09816436441852	0.718225782282282	3.55359980527719
RT_229H	108.218218218218	2.01727039400611	0.587683203203203	2.42757134666695
RT_22H	27.3023023023023	1.06811839279141	0.547359857357357	2.20990481367783
RT_230H	85.3973973973974	1.6569364445829	0.505403223723724	2.02342750015145
RT_231H	101.547547547548	2.64360171667499	0.845431215215215	6.47837683226452
RT_232H	71.1711711711712	2.97862407244999	0.917971222722723	12.2022902191161
RT_233H	74.6326326326326	2.78800079276675	0.880880430930931	8.406070818789
RT_234H	74.2012012012012	2.86909466528004	0.910185642142142	11.1430863326451
RT_235H	70.5565565565566	0.713695019781121	0.197547438438438	1.24643653780147
RT_236H	82.6916916916917	1.77160170457254	0.619315462962963	2.62920628517388
RT_237H	75.1431431431431	1.54587061656448	0.545551955455455	2.20219190309075
RT_238H	59.5135135135135	2.17575345520351	0.765853763763764	4.27537776879519
RT_239H	68.4714714714715	2.79557555218418	0.892979134134134	9.35426490314192
RT_23H	69.5355355355355	1.99329486004486	0.75338047947948	4.05833647733376
RT_240H	69.5225225225225	2.85257461470253	0.901018265265265	10.114750604555
RT_24H	19.035035035035	0.793679600731148	0.400719805805806	1.66929498724348
RT_25H	21.984984984985	1.08854333267776	0.562326776776777	2.28579252403876
RT_26H	24.2282282282282	1.10773422033787	0.551024008508509	2.22828283679692
RT_27H	20.5435435435435	1.1581816061124	0.572481823823824	2.34014899633249
RT_28H	10.4294294294294	0.782165893466644	0.487299005505506	1.95077370376996
RT_29H	11.7107107107107	0.806279519814959	0.49116351001001	1.96560098760053
RT_2H	23.960960960961	0.962226795266271	0.515456450950951	2.06444117747558
RT_30H	13.6526526526527	0.853835453281386	0.4894664004004	1.95918988025033
RT_31H	54.3503503503504	1.43572146040118	0.48595282982983	1.9465802678491
RT_32H	64.0700700700701	2.18765667412825	0.732926696696697	3.74871029347099
RT_33H	43.3653653653654	2.0513729622984	0.810685135135135	5.28592435595994
RT_34H	31.1121121121121	1.36743297739613	0.570540084584585	2.33000083164569
RT_35H	34.4554554554555	1.65343440771881	0.719579028028028	3.56869351447935
RT_36H	23.7667667667668	1.31176256599916	0.661241280780781	2.95274013823031
RT_37H	11.2762762762763	0.509561289478557	0.236604987487487	1.31025973236439
RT_38H	16.045045045045	1.66645435515961	0.765666773273273	4.26970018071987
RT_39H	39.7437437437437	1.74290720080651	0.734306704204204	3.76642933235167
RT_3H	48.1601601601602	1.65376118646436	0.713289895895896	3.4897497212196
RT_40H	58.5895895895896	2.27264150169606	0.777011209209209	4.49157754306921
RT_41H	50.997997997998	2.391330052597	0.867817363863864	7.56985463584954
RT_42H	56.7277277277277	2.48882129388109	0.872807573573574	7.86775855505662
RT_43H	62.1161161161161	1.83046815201052	0.639798603603604	2.77886312748298
RT_44H	57.8498498498498	1.57374541031715	0.659142583583584	2.93493524631627
RT_45H	27.4334334334334	0.586122887096903	0.194735625625626	1.24209886056882
RT_46H	95.9259259259259	2.7903379014047	0.880712836336336	8.39317819340644
RT_47H	44.8368368368368	1.48140247907378	0.549390071071071	2.22089282925688
RT_48H	78.6806806806807	2.42436603589435	0.846931958458458	6.53850316997315
RT_49H	45.996996996997	2.54785822288634	0.893372474974975	9.38532856150997
RT_4H	16.0990990990991	0.903876339744354	0.510990293293293	2.04540286821126
RT_50H	53.9339339339339	2.15935216806236	0.812747040540541	5.34387298611372
RT_51H	43.5575575575576	1.83031291561343	0.726194496496496	3.65580560266421
RT_52H	12.6766766766767	0.773918274302189	0.349079876376376	1.5368938840425
RT_53H	21.2992992992993	0.860744768888232	0.351715007007007	1.54325344181336
RT_54H	23.8548548548549	0.651851401153981	0.257292915415415	1.34682516390963
RT_55H	69.8988988988989	1.44479871023995	0.488468627127127	1.95644439956854
RT_56H	43.6496496496496	1.89569520178666	0.774065545045045	4.42831192948889
RT_57H	60.1001001001001	1.49326266390423	0.552823502002002	2.23783106870431
RT_58H	37.7557557557558	1.86630954965397	0.798833730730731	4.97220517379075
RT_59H	24.6956956956957	1.09369474306196	0.552178895395395	2.23389176413036
RT_5H	29.046046046046	1.2311741876231	0.589338438938939	2.43616236025669
RT_60H	30.2932932932933	0.742214340293643	0.282591654654655	1.3943894791614
RT_61H	41.4964964964965	1.54977446793742	0.662972483483483	2.96912108609524
RT_62H	43.4134134134134	1.87976244002992	0.773310197197197	4.4132884704058
RT_63H	48.8138138138138	1.64048339434223	0.646181228228228	2.82874844469525
RT_64H	62.8118118118118	2.09167898432268	0.732070037037037	3.73709100967475
RT_65H	53.4124124124124	1.72072877680713	0.647483904904905	2.83972584972708
RT_66H	55.9229229229229	1.98641937740651	0.703092126126126	3.37217950718538
RT_67H	72.1581581581582	2.471564310424	0.858498568568569	7.07193065839617
RT_68H	65.6396396396396	2.43521350289011	0.830779680680681	5.9167703985174
RT_69H	76.5295295295295	2.58332274466526	0.870339641141141	7.71784107441194
RT_6H	21.5185185185185	0.96020541183459	0.515524677177177	2.06466638696513
RT_70H	27.6596596596597	0.843541084422431	0.33743783033033	1.50993134988293
RT_71H	60.5645645645646	2.38062528563405	0.789695870870871	4.76220068402764
RT_72H	50.6166166166166	2.27868795139573	0.789793657157157	4.76388091480772
RT_73H	75.6366366366366	2.38457346960496	0.773743347347347	4.42638691493354
RT_74H	78.4454454454454	2.54392033404565	0.835296127127127	6.07993079369354
RT_75H	70.8848848848849	1.60278136131638	0.514133162662663	2.05974135811706
RT_76H	64.6676676676677	2.50891497671874	0.864975133133133	7.41133386299918
RT_77H	66.7017017017017	2.27713435076221	0.803105628628629	5.08310587328059
RT_78H	88.1841841841842	2.79055527429618	0.866947031531532	7.52588460473529
RT_79H	50.7387387387387	1.80623705018687	0.737776163663664	3.81544606927012
RT_7H	48.2722722722723	1.62546679420688	0.661328903403403	2.95482056777524
RT_80H	60.9399399399399	1.94377313872779	0.685606841341341	3.18410075445292
RT_81H	43.8418418418418	1.9011352597642	0.772730962962963	4.40219881694357
RT_82H	79.8008008008008	2.9006552320127	0.90723667017017	10.7914359932097
RT_83H	62.7607607607608	2.28769143443687	0.797953586586587	4.95628546512823
RT_84H	74.2832832832833	2.89012213476855	0.909178664164164	11.0197899868319
RT_85H	52.8008008008008	1.03915554055988	0.359731792792793	1.56252169690836
RT_86H	48.7777777777778	0.843153830025796	0.277582081081081	1.38469906451124
RT_87H	54.4634634634635	0.919643464533382	0.310178787287287	1.45019476147926
RT_88H	63.7737737737738	2.48246646016471	0.83978167017017	6.24834916411707
RT_89H	25.6976976976977	1.20791971242389	0.581083394894895	2.38805289546026
RT_8H	57.985985985986	0.885423802467379	0.285883374874875	1.40079882180203
RT_90H	47.1511511511512	1.83918774168764	0.735122706706707	3.77819517455491
RT_91H	47.1421421421421	1.85787799396626	0.730103188188188	3.70789923383423
RT_92H	41.6916916916917	1.5720137050598	0.648808754254254	2.84894632677511
RT_93H	59.5365365365365	2.04061902519422	0.761489105105105	4.19599400683737
RT_94H	60.7007007007007	2.26933089269304	0.78428169019019	4.64227307759818
RT_95H	53.6926926926927	1.80211558070373	0.639194650650651	2.774640965772
RT_96H	38.0920920920921	1.21028582176558	0.521563331831832	2.09131283954426
RT_97H	41.7327327327327	1.70441922195696	0.685222405405405	3.17894147978036
RT_98H	51.7397397397397	1.89094109691193	0.712323781781782	3.47933926771224
RT_99H	51.8208208208208	1.87523334321959	0.728886882882883	3.69157791341579
RT_9H	39.3843843843844	1.57181694313234	0.69211738038038	3.25019168463106
