Sample_ID	ASV_num	Shannon	Simpson	Inv_simpson
241H_RH	642.894894894895	6.28676227811192	0.997630456456456	422.986323117092
241H_RT	546.984984984985	5.93585539126781	0.995435233233233	220.31149525536
242H_RH	616.332332332332	6.22434202877543	0.997372414414414	381.746728136249
242H_RT	528.595595595596	5.85189781956933	0.994639773773774	187.760866020869
243H_RH	634.865865865866	6.27728932477927	0.997625213213213	422.032696968064
243H_RT	538.075075075075	5.90806762412829	0.995310358358358	214.447554282277
244H_RH	667.057057057057	6.26300237914835	0.997135157157157	350.992180124426
244H_RT	416.311311311311	5.34396840397276	0.988678408408408	88.9554039532524
245H_RH	668.705705705706	6.27958893827409	0.997325961961962	375.490057409065
245H_RT	423.940940940941	5.39343839038202	0.988611269269269	88.8049279025223
246H_RH	657.073073073073	6.24806384452765	0.997186574574575	356.938639656288
246H_RT	413.932932932933	5.41914750551364	0.991286786786787	115.329576618224
247H_RH	610.917917917918	6.23582153259398	0.997542266266266	407.67146491509
247H_RT	589.981981981982	6.04347685348463	0.99522435035035	212.003925322189
248H_RH	544.587587587588	6.1128013694366	0.997284432432432	368.762892134906
248H_RT	521.575575575576	5.8810338041041	0.995262870870871	212.183009137129
249H_RH	601.534534534534	6.17953787058157	0.997154166166166	352.638075919204
249H_RT	506.301301301301	5.78231757538787	0.993949207207207	166.447959002089
250H_RH	652.981981981982	6.25103524906347	0.997256516516516	365.893688806649
250H_RT	334.55955955956	5.01919222408689	0.985483227227227	69.2638959665445
251H_RH	642.643643643644	6.2332885182881	0.99721412012012	360.259953346891
251H_RT	380.866866866867	5.22777085955562	0.987147169169169	78.4446047012426
252H_RH	659.496496496497	6.26998163137037	0.997371027027027	381.652770530095
252H_RT	401.934934934935	5.3629526927033	0.99016795995996	102.378160411937
253H_RH	597.292292292292	6.20418350783473	0.997455695695696	393.733372464893
253H_RT	527.613613613614	5.887536534338	0.994933123123123	198.699265093076
254H_RH	624.888888888889	6.2635195151696	0.997633811811812	423.368675389159
254H_RT	514.794794794795	5.81294110441359	0.994466976976977	181.8675139178
255H_RH	619.331331331331	6.24323850373399	0.997536978978979	406.852347934846
255H_RT	551.519519519519	5.97725867580246	0.995787991991992	238.742029196628
256H_RH	681.161161161161	6.32702354401276	0.997585923923924	415.5107078599
256H_RT	433.378378378378	5.42241698087232	0.989480764764765	95.769137180332
257H_RH	667.87987987988	6.28415174666731	0.99737167967968	381.863493042466
257H_RT	448.823823823824	5.44314074552589	0.989446312312312	95.4071165112494
258H_RH	664.71971971972	6.27478666763965	0.997290116116116	370.813074371987
258H_RT	462.527527527528	5.47920931111807	0.989482416416416	95.7441699520519
259H_RH	606.815815815816	6.22026285287677	0.997477123123123	397.23079968333
259H_RT	529.618618618619	5.88560189139213	0.994735453453453	191.491647123426
260H_RH	602.471471471471	6.15010468697904	0.996829003003003	317.043328538545
260H_RT	521.710710710711	5.92748054499689	0.995874944944945	243.447963582857
261H_RH	623.746746746747	6.22860642682727	0.997327991991992	375.707137167682
261H_RT	508.933933933934	5.83092027022203	0.994714976976977	190.495754879898
262H_RH	622.002002002002	6.16844205117648	0.996842936936937	318.372145246376
262H_RT	337.307307307307	5.15573298880093	0.98928971971972	93.7187422374573
263H_RH	641.993993993994	6.21534471995615	0.997003537537538	335.383831148696
263H_RT	368.770770770771	5.27822239764859	0.990024256256256	100.757120255487
264H_RH	558.154154154154	5.83570799982591	0.992672610610611	137.978959069054
264H_RT	389.177177177177	5.28422165381625	0.986929705705706	77.3440233015458
265H_RH	658.139139139139	6.2524648505223	0.997211275275275	360.021443296192
265H_RT	531.798798798799	5.93391427820534	0.995741061061061	235.952546363295
266H_RH	641.571571571572	6.18109925751057	0.996512656656657	289.392381556853
266H_RT	514.70970970971	5.9145241669086	0.995911565565566	245.499423055533
267H_RH	679.813813813814	6.3131908659479	0.997491433433433	400.172421502262
267H_RT	481.266266266266	5.78209672322443	0.994853451451451	195.197838466742
268H_RH	634.374374374374	6.22206788746578	0.997240342342342	363.589993310021
268H_RT	425.385385385385	5.38806464503478	0.989083701701702	92.321640783142
269H_RH	570.038038038038	5.94323663119095	0.994851537537538	195.857698182743
269H_RT	360.482482482483	5.1458718597429	0.986699623623624	75.6189791895082
270H_RH	628.11011011011	6.16735372869274	0.996713611611612	305.886658222346
270H_RT	388.65965965966	5.30508673069681	0.989570478478478	96.395325811735
271H_RT	410.346346346346	5.58496298505673	0.993779251251251	161.448026470119
272H_RT	472.251251251251	5.79121146382696	0.995075865865866	204.110589874284
273H_RT	438.16016016016	5.67832302506477	0.994060754754755	169.369654031451
274H_RH	685.153153153153	6.3124448127379	0.997343471471472	378.539857130235
274H_RT	432.113113113113	5.44262612702551	0.990407743743744	104.835109660004
275H_RH	689.115115115115	6.32153777184837	0.997309883883884	374.076673491887
275H_RT	403.840840840841	5.30357337971866	0.988315721721722	86.2394404054979
276H_RH	695.824824824825	6.35355360566203	0.997612268268268	420.506758402051
276H_RT	421.694694694695	5.41307588832947	0.990293913913914	103.653568150192
277H_RH	720.670670670671	6.39284440226976	0.997663663663664	430.121160294051
277H_RT	461.022022022022	5.85024304292363	0.996039149149149	253.142183476753
278H_RH	515.083083083083	6.03386602789299	0.996956058058058	329.166691970309
279H_RH	454.937937937938	5.90147649419531	0.996571059059059	292.118272925101
280H_RH	666.653653653654	6.29002441623368	0.997335785785786	377.307731534945
280H_RT	399.921921921922	5.30577807019733	0.988548044044044	87.896139696566
281H_RH	669.815815815816	6.26862311666197	0.997063931931932	342.764594329034
281H_RT	409.646646646647	5.35938442147435	0.988537573573574	87.9002304432859
282H_RH	655.402402402402	6.24492238660512	0.997063373373373	342.526460739069
282H_RT	421.864864864865	5.3719946314442	0.988183049049049	85.3391969694087
283H_RH	539.237237237237	6.09284930938392	0.997189263263263	356.310608093161
283H_RT	459.547547547548	5.711349611602	0.992795363363363	140.511101553611
284H_RH	546.209209209209	6.0973692368677	0.997124	348.459377257906
284H_RT	449.65965965966	5.71850654676414	0.993957139139139	166.857707335844
285H_RH	527.885885885886	6.05500337846602	0.997003269269269	334.330525948525
285H_RT	503.748748748749	5.67052643314537	0.991877601601602	124.152557015644
286H_RH	696.847847847848	6.3684838430029	0.997730538538539	442.120432677939
286H_RT	422.105105105105	5.17261892014669	0.976912708708709	43.9069531685125
287H_RH	671.602602602603	6.2893170777124	0.997316106106106	374.358699725069
287H_RT	397.298298298298	5.10861309409789	0.980387167167167	51.4288890005186
288H_RH	708.696696696697	6.3823866647233	0.99770152952953	436.746221922785
288H_RT	415.908908908909	5.27386696657519	0.985886546546547	71.4849206964363
289H_RH	559.754754754755	6.01716383874801	0.996032454454454	253.501841728548
289H_RT	453.102102102102	5.6425936288482	0.993588760760761	156.779253561397
290H_RH	444.434434434434	5.86218063570119	0.996344516516517	274.112344129099
290H_RT	483.334334334334	5.75792316835277	0.994255957957958	175.158489804021
291H_RH	540.049049049049	6.08750979083621	0.997146392392392	350.975133192819
291H_RT	480.04004004004	5.78946079825691	0.994973281281281	199.857995605442
292H_RH	588.072072072072	5.94772377567631	0.994161723723724	173.214718148846
292H_RT	380.179179179179	5.13678646344664	0.981699027027027	55.2769610669043
293H_RH	669.38038038038	6.2637156720186	0.997106952952953	347.574082299094
293H_RT	304.418418418418	4.76805724825438	0.979119685685686	48.1533550181277
294H_RH	643.612612612613	6.08798258620409	0.994117031031031	172.994890852144
294H_RT	373.785785785786	5.14413082979638	0.983330124124124	60.6595017837651
295H_RH	551.524524524525	6.10883358264091	0.997172998998999	354.445630853343
295H_RT	524.862862862863	5.90799383825332	0.995585039039039	227.571377609102
296H_RH	604.687687687688	6.17526710755617	0.997126908908909	349.227471090268
296H_RT	469.385385385385	5.67951082296608	0.993279901901902	149.983173016579
297H_RH	532.785785785786	6.03891119650961	0.996776528528528	311.186287621711
297H_RT	470.24024024024	5.73708450167994	0.994548466466466	184.321295945366
298H_RH	670.991991991992	6.22531596653499	0.996315195195195	274.760624318947
298H_RT	315.309309309309	4.64826281643895	0.97159227027027	35.4041564947787
299H_RH	627.331331331331	6.09492194407145	0.995808504504505	240.451172250599
299H_RT	408.840840840841	5.39811656602236	0.990929791791792	110.781612399356
300H_RH	614.645645645646	6.02348771624254	0.994616530530531	187.978501832587
300H_RT	361.610610610611	5.08377244097399	0.984251171171171	63.9986012584245
301H_RH	511.189189189189	5.93803528636703	0.995768348348348	237.975470834124
301H_RT	383.369369369369	5.42679557518266	0.99029205005005	103.924354665952
302H_RH	544.457457457458	6.05680683253695	0.996679251251251	302.589443424886
302H_RT	468.039039039039	5.7173529090633	0.994067235235235	169.660018376306
303H_RH	470.634634634635	5.88212935691506	0.996115197197197	258.257787047858
303H_RT	406.888888888889	5.26634264916053	0.987534304304304	80.7305452271521
304H_RH	641.495495495495	6.15940893624256	0.996413903903904	280.700424305476
304H_RT	398.403403403403	5.2822928892484	0.988588682682683	88.1337220048806
305H_RH	612.681681681682	6.01108055893633	0.994411259259259	181.024247722464
305H_RT	413.454454454454	5.30100386016351	0.987525189189189	80.7461111839969
306H_RH	593.168168168168	6.00619383785623	0.995365985985986	217.357604543402
306H_RT	359.281281281281	5.17691783878234	0.987979641641642	83.6303008138962
307H_RH	537.64964964965	6.08107431314729	0.997097873873874	345.208658730965
307H_RT	383.125125125125	5.52202654248364	0.99269785985986	137.871732601411
308H_RH	517.653653653654	6.02151334835405	0.9967755995996	311.066348820039
308H_RT	454.212212212212	5.72574337413519	0.994478092092092	182.084050642809
309H_RH	555.863863863864	6.0895464183825	0.996935743743744	327.388445072625
309H_RT	452.980980980981	5.76867650258393	0.995238116116116	210.778378814211
310H_RH	658.243243243243	6.21699888749984	0.996655555555556	301.356289498837
310H_RT	410.603603603604	5.35519408529422	0.989602164164164	96.7821816066298
311H_RH	666.215215215215	6.28037862828257	0.997343615615616	378.076782839477
311H_RT	424.877877877878	5.50964323923861	0.99259998998999	135.722956577639
312H_RH	668.882882882883	6.23319641073608	0.996613921921922	297.892312052545
312H_RT	463.51951951952	5.53174465421585	0.99065386986987	107.883580480851
313H_RH	488.944944944945	5.88530521680055	0.9947964004004	194.854512355996
313H_RT	438.396396396396	5.49994411015804	0.987364838838839	80.3682826906947
314H_RH	478.728728728729	5.91993129723676	0.996253221221221	268.02285204876
314H_RT	449.621621621622	5.68292874486792	0.993647647647648	158.700676791937
315H_RH	485.107107107107	5.88564412580045	0.994907557557558	198.952080040905
315H_RT	429.833833833834	5.50179360045511	0.986654082082082	76.2030776890302
316H_RH	615.745745745746	5.95419002919937	0.991444442442442	119.038321782521
316H_RT	368.601601601602	5.02896988304827	0.979721337337337	49.74653311437
317H_RH	588.752752752753	5.89513897392208	0.992221983983984	130.544206322943
317H_RT	383.114114114114	5.04094233713303	0.978038880880881	46.0081903041279
318H_RH	605.797797797798	5.91380245696838	0.990868700700701	111.657814409779
318H_RT	403.311311311311	5.04905729107769	0.972910826826827	37.3507283935242
319H_RH	460.034034034034	5.82179222168123	0.995372610610611	217.23993728992
319H_RT	432.754754754755	5.51992564540602	0.989687987987988	98.1015266473071
320H_RH	574.004004004004	6.11211116339963	0.99692635035035	326.30174288241
320H_RT	430.733733733734	5.52979688191493	0.990778558558559	109.370247645296
321H_RH	553.386386386386	5.97944885617502	0.995775117117117	238.087137429814
321H_RT	363.42042042042	5.38486199773502	0.992132202202202	127.612869814842
322H_RH	614.664664664665	6.0061291628902	0.993676212212212	160.327611612165
322H_RT	348.894894894895	5.05843284310019	0.984847815815816	66.4199107041141
323H_RH	593.313313313313	5.95455325891993	0.993647191191191	159.671389675548
323H_RT	341.212212212212	4.98453388150795	0.981303825825826	53.9315117074665
324H_RH	607.977977977978	6.03107171351016	0.994865013013013	196.979087005112
324H_RT	417.722722722723	5.33827086022287	0.988023673673674	84.2210843801371
325H_RH	507.693693693694	5.88634466416475	0.994930008008008	198.988301943453
325H_RT	411.795795795796	5.58994850380216	0.993552314314314	155.936682187166
326H_RH	546.038038038038	5.90037900264039	0.993692864864865	160.79460346966
326H_RT	438.491491491492	5.60042485659933	0.991485641641642	118.888515927841
327H_RH	562.821821821822	6.05929032747691	0.996449465465465	283.232063759891
327H_RT	416.822822822823	5.66112909591335	0.994349411411411	177.854571002334
328H_RH	687.386386386386	6.29768449852067	0.997137131131131	351.713158516075
328H_RT	447.377377377377	5.49558125816612	0.990603005005005	107.303580877893
329H_RH	662.393393393393	6.22619754003169	0.996774122122122	312.234590624388
329H_RT	353.667667667668	4.82660511872693	0.972358018018018	36.4638593662457
330H_RH	679.495495495495	6.27844939237421	0.996920042042042	327.829566445303
330H_RT	431.195195195195	5.40415063885444	0.988979167167167	91.4705647987974
331H_RH	457.371371371371	5.32621772441521	0.970238628628629	34.1044114765057
331H_RT	364.788788788789	4.83859858617569	0.948334568568569	19.5770151637959
332H_RH	440.283283283283	5.48190030876715	0.986716182182182	76.3759514388607
332H_RT	418.116116116116	5.29721861336028	0.979253047047047	49.0080015080822
333H_RH	542.498498498499	5.80044885116589	0.989493283283283	97.2536459391905
333H_RT	364.192192192192	4.56651805311103	0.932141467467468	14.8765627681779
334H_RH	566.327327327327	5.79002635298257	0.990365563563564	105.462331791085
334H_RT	389.533533533534	4.91073890903136	0.963915295295295	28.0625099869249
335H_RH	545.521521521522	5.55218911408225	0.97870641041041	47.7954890051114
335H_RT	300.244244244244	4.27659854102943	0.928571393393393	14.1120944268697
336H_RH	607.268268268268	5.93128523494688	0.991156526526527	115.31337535598
336H_RT	333.446446446446	4.74154202294993	0.969997963963964	33.5989838697606
337H_RH	579.35035035035	5.98373721054358	0.993043831831832	146.714094751798
337H_RT	436.981981981982	5.34401029407254	0.983884888888889	62.87960479158
338H_RH	591.784784784785	6.10547372749743	0.9960838998999	258.170821385478
338H_RT	436.566566566567	5.42363618371157	0.988035905905906	84.4612940417211
339H_RH	569.556556556557	5.94872899796453	0.992033173173173	128.434746252917
339H_RT	447.085085085085	5.29182533191932	0.978977097097097	48.2639271973129
340H_RH	687.029029029029	6.32493794907943	0.99746366966967	396.059054698198
340H_RT	439.565565565566	5.47142502398632	0.990830750750751	109.718083808449
341H_RH	645.106106106106	6.01409657771245	0.989425539539539	97.0199511695764
341H_RT	439.674674674675	5.0074888443343	0.957795811811812	23.9864300302388
342H_RH	652.231231231231	6.14640176665985	0.994604236236236	189.243904379978
342H_RT	478.357357357357	5.3511122271874	0.977142056056056	44.3630130416785
343H_RH	521.111111111111	5.51073733813741	0.974288128128128	39.5954861878092
343H_RT	327.32032032032	3.87683179574158	0.84162636036036	6.3488329565707
344H_RH	574.246246246246	5.96707615154054	0.992523667667668	136.757665177433
344H_RT	414.490490490491	4.95459515730341	0.953771755755756	21.8933864127647
345H_RH	532.384384384384	5.69743481618482	0.983407161161161	61.4977503184411
345H_RT	366.905905905906	4.63995258636031	0.931357515515515	14.7034373740501
346H_RH	631.564564564565	5.93583142351494	0.987523955955956	81.8463693764207
346H_RT	377.605605605606	4.62007469005006	0.94025243043043	16.8945894235653
347H_RH	632.415415415415	5.85848264951307	0.983391681681682	61.5601400849771
347H_RT	405.768768768769	4.77662781923008	0.942949081081081	17.7299495012413
348H_RH	632.882882882883	5.90379970658863	0.985698634634635	71.4530210971885
348H_RT	424.418418418418	4.93633230402286	0.953411941941942	21.715058896903
349H_RH	524.562562562563	5.71536071916141	0.987263281281281	80.0287917846306
349H_RT	394.752752752753	4.88593463412586	0.956577707707708	23.2967558247956
350H_RH	524.597597597598	5.6849356005893	0.984639035035035	66.443251733752
350H_RT	378.656656656657	4.93060926924695	0.962607377377377	27.0745899619843
351H_RH	538.958958958959	5.91158220424079	0.99408171971972	171.307815346023
351H_RT	343.472472472472	5.10241098121947	0.986072298298298	72.2573772266524
352H_RH	661.29029029029	6.17019885227678	0.994969307307307	202.751918910252
352H_RT	389.762762762763	5.24614885989745	0.987695335335335	81.7826500722001
353H_RH	699.342342342342	6.34270553340487	0.997351021021021	380.284556177186
353H_RT	390.4994994995	5.10553248003981	0.97804352952953	46.0823421610385
354H_RH	691.732732732733	6.28730256729113	0.996392464464465	281.821231279785
354H_RT	475.963963963964	5.4486038716659	0.985830630630631	71.4336380388334
355H_RH	521.562562562563	5.93129132094027	0.995452114114114	221.719524401153
355H_RT	388.431431431431	5.29078283719546	0.987961571571572	83.6580173933688
356H_RH	507.586586586587	5.96236666258215	0.996423901901902	280.466838950545
356H_RT	354.990990990991	5.06317753505969	0.980996622622623	53.1116794249024
357H_RH	476.088088088088	5.80975318477977	0.993863861861862	165.232847686828
357H_RT	385.146146146146	5.18870405218544	0.982036154154154	56.2500151925532
358H_RH	646.533533533534	6.2009044629292	0.996620164164164	298.507309397085
358H_RT	453.211211211211	5.53187474976447	0.991396960960961	117.00100645597
359H_RH	665.186186186186	6.24971104334104	0.99680964964965	316.461883797496
359H_RT	423.245245245245	5.29612375898882	0.985123109109109	67.8143669564263
360H_RH	616.833833833834	5.98734269387958	0.991202434434434	116.349978154812
360H_RT	440.662662662663	5.27765773283585	0.980608386386386	52.1836518457362
361H_RH	511.700700700701	5.95661672508363	0.996156754754755	261.453878394752
361H_RT	374.552552552553	5.29315115450196	0.989503987987988	95.8054342953082
362H_RH	500.796796796797	5.80686894423229	0.993799961961962	163.006284336896
362H_RT	361.131131131131	5.20356185667816	0.988246612612613	85.5558043006437
363H_RH	468.449449449449	5.71866947080958	0.990836406406406	111.281277797691
363H_RT	385.61961961962	5.14442682136339	0.980556482482483	52.0698983314017
364H_RH	568.462462462462	5.63749464040381	0.97931362962963	49.1378017346872
364H_RT	381.821821821822	4.86430563879856	0.963822144144144	27.9515151154807
365H_RH	626.591591591592	6.133568304395	0.996195641641642	265.113942707757
365H_RT	443.285285285285	5.47831731001915	0.991469529529529	117.775719503383
366H_RH	626.123123123123	6.03817161270826	0.993073291291291	147.277435700394
366H_RT	346.298298298298	4.97902266899208	0.982522874874875	57.5901821942117
367H_RH	518.486486486486	5.92861117286052	0.994816394394394	195.628668092674
367H_RT	384.760760760761	5.18536177750831	0.98180052052052	55.6182370305135
368H_RT	382.964964964965	5.26424433648899	0.986155777777778	72.9268178122155
369H_RH	698.441441441441	6.26905348007376	0.995646636636637	234.477177278988
369H_RT	374.743743743744	5.2957020712812	0.987969061061061	83.9516232377225
370H_RH	662.88988988989	6.22665267977078	0.996146348348348	263.947837483543
370H_RT	457.317317317317	5.30176760561851	0.97881956956957	47.9029230560478
371H_RH	654.114114114114	6.16080756125338	0.995202092092092	212.167665679603
371H_RT	442.417417417417	5.39671824033931	0.986244472472472	73.6041229840618
372H_RH	671.535535535536	6.22883655642122	0.99606218018018	257.887689317828
372H_RT	413.493493493493	5.20706131386136	0.982052374374374	56.2988483073853
373H_RH	557.704704704705	5.89267388010905	0.990819901901902	111.518221102791
373H_RT	375.547547547548	5.00664940308601	0.969810306306306	33.5648409139423
374H_RH	577.244244244244	6.064132086964	0.995719199199199	236.892850994245
374H_RT	431.409409409409	5.31444396129201	0.979947407407407	50.681071978276
375H_RH	610.284284284284	6.1847931583733	0.997037533533534	339.245384839607
375H_RT	440.362362362362	5.54289155840707	0.992338442442442	131.213482586314
376H_RH	666.314314314314	6.23136295931755	0.99645636036036	285.618330395871
376H_RT	441.303303303303	5.399563726402	0.988289033033033	86.1181167568622
377H_RH	687.923923923924	6.29529037007251	0.996903265265265	326.418786545428
377H_RT	456.259259259259	5.45239128532546	0.988207243243243	85.6739383653574
378H_RH	701.135135135135	6.35090320193438	0.997461745745746	396.232615493731
378H_RT	516.543543543544	5.72119346222209	0.992841753753754	140.728248706302
379H_RH	542.857857857858	5.9742242806725	0.995329947947948	216.583693046815
379H_RT	344.013013013013	5.05377096979919	0.984646642642643	65.5896943466944
380H_RH	414.847847847848	5.65848302098848	0.993909577577578	165.415858622162
380H_RT	274.602602602603	5.06499060247027	0.989773143143143	98.0714574433021
381H_RH	579.887887887888	5.95613934213557	0.993177181181181	149.453113426458
381H_RT	342.434434434434	5.02840877110865	0.979840878878879	50.1005153260794
382H_RH	693.898898898899	6.35243348658473	0.997641887887888	425.561621637915
382H_RT	465.097097097097	5.58407086142292	0.992384274274274	132.109691744462
383H_RH	616.586586586587	5.97231311730824	0.990883913913914	112.155668783191
383H_RT	404.603603603604	5.05735171650198	0.973018564564565	37.4972128662235
384H_RH	715.371371371371	6.38230467931611	0.997567831831832	413.647154964923
384H_RT	454.189189189189	5.51868268985381	0.990824960960961	109.786541062442
385H_RH	656.464464464464	6.26819851794317	0.997280534534535	369.359859546409
385H_RT	431.546546546547	5.6334394987474	0.994030744744745	168.236053133326
386H_RH	634.316316316316	6.16298811104182	0.996120996996997	260.847702119177
386H_RT	449.035035035035	5.70786836626443	0.994592256256256	185.668967217044
387H_RH	655.84984984985	6.27371741987955	0.9973923003003	384.9044350112
387H_RT	510.836836836837	5.83909525895003	0.994968434434434	199.892092010347
388H_RH	677.111111111111	6.2922517897829	0.997335901901902	376.930592222731
388H_RT	470.493493493493	5.66068680605466	0.993496528528529	154.574838442458
389H_RH	661.627627627628	6.19989015171274	0.996406810810811	280.634884258949
389H_RT	514.156156156156	5.75152059630202	0.992870462462462	141.66425844852
390H_RH	628.057057057057	6.08913219016919	0.99529172972973	214.825075031118
390H_RT	400.05005005005	5.31598631440762	0.9885758998999	88.1603036237347
391H_RH	619.284284284284	6.10044661976622	0.995795281281281	240.231750279366
391H_RT	414.384384384384	5.40485630701763	0.990763257257257	108.845625394611
392H_RH	549.501501501501	5.8318898767771	0.993578882882883	157.094324860112
392H_RT	490.441441441441	5.70578063790692	0.993717993993994	160.032359597708
393H_RH	602.786786786787	6.04378669778905	0.99540365965966	219.508146412365
393H_RT	431.253253253253	5.40498488918119	0.989686012012012	97.5874134354629
394H_RH	589.058058058058	5.93793501421844	0.994554790790791	184.931787119583
394H_RT	442.259259259259	5.42911586339093	0.990071923923924	101.3428987746
395H_RH	583.434434434434	5.9193547365396	0.994263833833834	175.779913079058
395H_RT	488.486486486487	5.68688341107991	0.993537149149149	155.551164724356
396H_RH	620.47047047047	6.02458220591164	0.994374734734735	180.146834171162
396H_RT	457.349349349349	5.45902073344441	0.989624894894895	97.0089030074434
397H_RH	672.981981981982	6.33187365202676	0.997655247247247	427.853789125596
397H_RT	504.631631631632	5.75250073512497	0.993925025025025	165.570618959124
398H_RH	660.805805805806	6.28033366263656	0.997333091091091	376.788524502606
398H_RT	498.495495495496	5.69714354340323	0.992662284284284	137.34382736272
399H_RH	681.558558558559	6.33173325856637	0.997554818818819	410.804098484099
399H_RT	504.520520520521	5.77749361607352	0.994074840840841	170.163579884096
400H_RH	703.768768768769	6.35214418571164	0.997478678678679	398.722006182386
400H_RT	488.555555555556	5.64381476791108	0.992438636636637	133.072512556234
401H_RH	712.666666666667	6.38154485263676	0.997684138138138	433.576005548642
401H_RT	453.381381381381	5.48661943455389	0.990819345345345	109.5407214198
402H_RH	724.189189189189	6.4124732947293	0.997817087087087	459.627539217889
402H_RT	535.41041041041	5.77435501628792	0.991946974974975	125.96144006457
403H_RH	655.791791791792	6.27006648572704	0.997323733733734	375.357927480692
403H_RT	467.337337337337	5.59094774409901	0.991803837837838	122.969297669488
404H_RH	668.362362362362	6.29416073182927	0.997339857857858	377.852337474976
404H_RT	465.527527527528	5.53174917300517	0.990792880880881	109.399346503496
405H_RH	669.316316316316	6.31356437178748	0.997586980980981	415.639826147719
405H_RT	505.951951951952	5.73204125884559	0.993451845845846	153.68934267299
406H_RH	719.1001001001	6.39238584302724	0.997677149149149	432.442259630161
406H_RT	554.138138138138	5.86509289706049	0.994241963963964	174.961814535515
407H_RH	732.365365365365	6.42379019703561	0.99777425025025	451.437821999897
407H_RT	507.285285285285	5.70695233811385	0.992992314314314	143.692341269591
408H_RH	730.840840840841	6.42619413579804	0.997845195195195	465.8150441468
408H_RT	537.980980980981	5.78501842282786	0.993321223223223	150.827981486321
409H_RH	715.016016016016	6.33200625374306	0.997023847847848	338.980905672607
409H_RT	350.814814814815	5.09175289444968	0.985377913913914	68.8021176246403
410H_RH	742.900900900901	6.42693347656921	0.997714078078078	439.534667472078
410H_RT	358.830830830831	5.04030313864488	0.982239481481481	56.6953031581959
411H_RH	697.914914914915	6.25868224565181	0.995986794794795	253.17121034609
411H_RT	310.287287287287	4.71365729558788	0.966622848848849	30.2830608409638
412H_RH	720.723723723724	6.39554754222451	0.997639547547548	426.193264553266
412H_RT	413.610610610611	5.3149198931037	0.988062980980981	84.3473273766746
413H_RH	727.42042042042	6.40415313858224	0.997609845845846	421.03097200925
413H_RT	515.065065065065	5.75405774039568	0.993300528528529	150.567133437519
414H_RH	573.912912912913	5.93051625250066	0.994612476476476	187.039729067771
414H_RT	288.103103103103	4.82234547609263	0.980859309309309	52.5893793498286
415H_RH	746.877877877878	6.44529847509077	0.997827361361361	462.312488782763
415H_RT	436.158158158158	5.56967844322086	0.99292245045045	141.988256664019
416H_RH	752.504504504505	6.45073459331739	0.997756576576577	448.560915769518
416H_RT	466.437437437437	5.56321822837422	0.991742288288288	121.799868173614
417H_RH	706.167167167167	6.32359691687615	0.997070034034034	344.524779934106
417H_RT	354.578578578579	4.78022032404003	0.957361083083083	23.7267291092268
418H_RH	711.494494494494	6.39628641844589	0.997818878878879	459.795020304118
418H_RT	417.892892892893	5.34075006846045	0.987311601601602	79.4945942922187
419H_RH	695.042042042042	6.32088531904322	0.997194532532533	359.357039563768
419H_RT	456.293293293293	5.46950873170991	0.988692706706707	89.328820358879
420H_RH	695.128128128128	6.36158037373085	0.997720562562563	439.931401262855
420H_RT	393.944944944945	4.89857007970873	0.96890241041041	32.4873210134077
421H_RH	648.544544544545	5.97510007471883	0.988597033033033	89.8732770099403
421H_RT	361.906906906907	4.94164814913298	0.969108914914915	32.7958572671918
422H_RH	681.389389389389	6.1575260168906	0.994123093093093	173.635743599606
422H_RT	443.736736736737	5.5555626851795	0.992164652652653	128.399063847623
423H_RH	786.688688688689	6.53427260501224	0.998132458458458	537.508276342727
423H_RT	573.27027027027	5.95373143902149	0.994623387387387	188.046604339835
424H_RH	726.638638638639	6.40315107322636	0.997601897897898	419.576381481929
424H_RT	515.043043043043	5.69158106344749	0.991626544544545	120.57491698072
425H_RH	730.968968968969	6.40999034022758	0.997652238238238	428.419978631745
425H_RT	585.477477477477	5.95794718329361	0.994656684684685	188.87420732095
426H_RH	681.914914914915	6.22042077140438	0.995502798798799	226.262766187585
426H_RT	531.14014014014	5.76442667716214	0.993119657657658	146.459715595905
427H_RH	775.813813813814	6.51739474327627	0.998109763763764	530.908967226541
427H_RT	564.344344344344	5.89656660254617	0.994363971971972	178.863632047489
428H_RH	777.673673673674	6.52081470684723	0.998119863863864	533.724708902982
428H_RT	473.65965965966	5.58881532202873	0.991834504504504	123.266007577529
429H_RH	766.004004004004	6.4787391666909	0.99783954954955	466.194270199052
429H_RT	491.893893893894	5.6944004771459	0.992964248248248	143.295045938915
430H_RH	743.091091091091	6.4489789896464	0.997780108108108	453.71247948685
430H_RT	555.928928928929	5.8903174144592	0.99445628028028	181.834964888947
431H_RH	733.872872872873	6.45164178344992	0.998018972972973	506.118370159097
431H_RT	499.660660660661	5.7594631284673	0.994253297297297	174.900941863321
432H_RH	737.68968968969	6.42570599232056	0.99761246046046	422.618072358366
432H_RT	522.358358358358	5.83559582005383	0.994841393393393	194.796030040935
433H_RH	779.276276276276	6.52236466953207	0.998103429429429	529.303455165548
433H_RT	631.831831831832	6.11756894534224	0.995989813813814	251.378817293924
434H_RH	764.885885885886	6.47979073736684	0.997888914914915	476.294580157333
434H_RT	562.826826826827	5.93633574390789	0.995175717717718	208.679357165859
435H_RH	754.357357357357	6.45739265361841	0.997812618618619	459.832520082922
435H_RT	516.345345345345	5.77364119907691	0.993997455455455	167.62827070456
436H_RH	761.278278278278	6.49605335208924	0.998097821821822	527.094627247523
436H_RT	530.801801801802	5.75270441019776	0.992613911911912	136.626347459025
437H_RH	731.308308308308	6.42505969295019	0.997853015015015	467.48668141388
437H_RT	555.435435435435	5.91716184126642	0.994840008008008	195.259861294785
438H_RH	741.571571571572	6.44792498687065	0.997878382382382	473.606820603693
438H_RT	604.362362362362	6.03545855736324	0.995107903903904	206.634898012814
439H_RH	668.897897897898	6.17802800976168	0.995602348348348	230.493038616568
439H_RT	331.838838838839	4.88258418222759	0.981050408408408	53.0630939185676
440H_RH	704.985985985986	6.35093770815132	0.997485055055055	399.692692288673
440H_RT	384.690690690691	5.14559333036949	0.986056516516516	72.1081992431991
441H_RH	728.633633633634	6.3724598501881	0.997260800800801	368.5581940775
441H_RT	472.05005005005	5.53255120155118	0.99003443043043	101.23991320802
442H_RH	662.768768768769	6.24610766983121	0.997013079079079	336.793998985388
442H_RT	401.992992992993	5.36422372658981	0.989486906906907	95.8687908084791
443H_RH	679.63963963964	6.30509962908485	0.997360086086086	380.654336321435
443H_RT	461.911911911912	5.54253649947018	0.991140264264264	113.73852928424
444H_RH	710.666666666667	6.36289792420796	0.997498588588589	401.927519996383
444H_RT	413.35035035035	5.36473178227995	0.989164204204204	92.9879977672044
445H_RH	703.148148148148	6.29134545348163	0.996605093093093	298.112894840043
445H_RT	499.892892892893	5.67474313228095	0.992620126126126	136.531812513212
446H_RH	732.647647647648	6.4146862338081	0.997724770770771	441.444535752554
446H_RT	439.455455455455	5.41236536939276	0.988860604604605	90.5860923285501
447H_RH	676.762762762763	6.15108314537706	0.993552008008008	158.629203218186
447H_RT	485.042042042042	5.43156211733802	0.984300522522523	64.5204474533254
448H_RH	722.39039039039	6.39612421066171	0.997680384384384	433.110459078508
448H_RT	477.871871871872	5.60619505678218	0.990785981981982	109.751298485714
449H_RH	698.678678678679	6.35983429213798	0.997650162162162	427.270120800092
449H_RT	477.147147147147	5.57608405808463	0.990616574574575	107.528571819045
450H_RH	725.555555555556	6.42757128461735	0.997890992992993	475.925920109895
450H_RT	406.381381381381	5.12818075539683	0.982312576576577	56.9170324589867
451H_RH	705.946946946947	6.34493143962487	0.997402952952953	387.265161100313
451H_RT	460.265265265265	5.57128713824723	0.992292268268268	130.479419143014
452H_RH	703.750750750751	6.33259733984816	0.997314710710711	374.665775593311
452H_RT	440.593593593594	5.39675529802211	0.989015345345345	91.6185875744831
453H_RH	655.305305305305	6.17046779040408	0.996252974974975	269.100209991896
453H_RT	469.54954954955	5.5931567956918	0.9925758998999	135.417589040653
454H_RH	692.763763763764	6.34596558900448	0.997601177177177	418.390968818899
454H_RT	475.730730730731	5.59568995048566	0.991904876876877	124.387699470885
455H_RH	682.707707707708	6.26994462184014	0.99674807007007	310.512385239946
455H_RT	435.118118118118	5.19962866654128	0.975961975975976	42.1105223302065
456H_RH	667.763763763764	6.23435128799474	0.996726254254254	307.848803160749
456H_RT	403.489489489489	5.28281295545643	0.988490646646647	87.3774077846104
457H_RH	720.083083083083	6.39594638149678	0.997739371371371	443.945041530887
457H_RT	459.301301301301	5.51092768725599	0.991255153153153	115.055344471293
458H_RH	731.787787787788	6.4280395271874	0.997869747747748	471.076335431475
458H_RT	514.731731731732	5.73514157547149	0.993194128128128	147.983592349116
459H_RH	723.212212212212	6.41875325749278	0.997824166166166	461.42513685566
459H_RT	516.792792792793	5.7524369428007	0.993376016016016	152.249477866357
460H_RH	707.993993993994	6.37258676798562	0.997649289289289	427.048586848834
460H_RT	480.908908908909	5.65885382641524	0.993346730730731	151.061603387743
461H_RH	692.730730730731	6.33345733502938	0.997442292292292	393.025114211844
461H_RT	514.605605605606	5.76736931119369	0.993821393393393	162.967658991504
462H_RH	658.432432432432	6.24681453769511	0.996993981981982	334.903329600248
462H_RT	487.385385385385	5.67893926028536	0.993413355355355	152.663499272699
463H_RH	750.733733733734	6.47106122023843	0.998004660660661	502.694886461611
463H_RT	550.346346346346	5.85935699864111	0.994388808808809	179.343948781701
464H_RH	588.286286286286	6.1906420339335	0.997361555555556	380.094600349613
464H_RT	522.335335335335	5.83707590015469	0.994811347347347	193.80372700259
465H_RH	707.144144144144	6.38619176588852	0.997747897897898	445.818759250303
465H_RT	522.312312312312	5.79616906432518	0.994279871871872	175.707991166619
466H_RH	727.098098098098	6.42995907899099	0.997917557557558	481.626937618318
466H_RT	510.444444444444	5.78097423711247	0.994325229229229	177.220655517585
467H_RH	523.079079079079	6.03271359117766	0.996792022022022	312.645613166793
467H_RT	437.552552552553	5.51839896232807	0.992184178178178	128.559155462631
468H_RH	631.55055055055	6.20970372769396	0.996990520520521	334.205738912908
468H_RT	532.564564564565	5.85898079818594	0.994805107107107	193.601996472167
469H_RH	699.678678678679	6.37200793490479	0.997699379379379	436.451430921781
469H_RT	399.934934934935	5.25762810476716	0.986940544544544	77.2266120078576
470H_RH	688.05005005005	6.31215439922828	0.997177767767768	357.123983469584
470H_RT	481.302302302302	5.63106700578994	0.992814926926927	139.859843342789
471H_RH	715.189189189189	6.38202384733342	0.997658886886887	428.905711921815
471H_RT	384.095095095095	5.2779918912915	0.989714458458459	97.6987821445876
472H_RH	624.068068068068	6.20055649378927	0.997073113113113	343.150865440029
472H_RT	440.131131131131	5.52472733807315	0.991530562562563	118.975633914188
473H_RH	566.525525525525	5.97061146532929	0.995154958958959	208.175960111572
473H_RT	300.158158158158	4.68233758120285	0.967121199199199	30.7403078162133
474H_RH	667.351351351351	6.27240512140237	0.997206960960961	359.893746167621
474H_RT	431.871871871872	5.35256551371051	0.987379039039039	79.8789441409128
475H_RH	682.526526526526	6.31198805145678	0.997319583583584	375.400575070241
475H_RT	540.061061061061	5.84083182461256	0.993914600600601	165.907181325815
476H_RH	732.153153153153	6.42228270076773	0.997785397397397	453.616545795078
476H_RT	491.243243243243	5.67039069048886	0.992633121121121	136.700718700839
477H_RH	716.415415415415	6.36283606153103	0.997340764764765	379.105128943287
477H_RT	552.384384384384	5.86721593043998	0.994127961961962	171.755143955755
478H_RH	615.388388388388	6.176340122615	0.996771773773774	312.052134637337
478H_RT	489.521521521522	5.71692610178773	0.99328348948949	150.110783906317
479H_RH	673.065065065065	6.27668963077051	0.996959735735736	332.066019907416
479H_RT	431.687687687688	5.49043530250229	0.991483275275275	118.114508118813
480H_RH	691.852852852853	6.33400168380833	0.997490516516517	400.193342576068
480H_RT	466.432432432432	5.60821013989691	0.99233755955956	131.341353297606
505H_BKr	762.530530530531	6.48773806703255	0.998033145145145	509.968691791509
505H_BKr2	740.006006006006	6.44004290878315	0.997856902902903	468.459407198336
506H_BKr	744.293293293293	6.43481602160987	0.997773427427427	451.153835652253
506H_BKr2	735.254254254254	6.43010563572716	0.997770352352352	451.141420380127
507H_BKr	757.87987987988	6.46386519363865	0.997867397397397	471.04510210674
507H_BKr2	730.256256256256	6.41681206750843	0.997768168168168	449.924994581162
508H_BKr	779.800800800801	6.53921331763266	0.99824025025025	569.605187737536
508H_BKr2	723.641641641642	6.43467407532003	0.997981143143143	496.62327536441
509H_BKr	735.945945945946	6.45322143011158	0.998023179179179	507.151071719266
509H_BKr2	670.413413413413	6.3236131540685	0.997658156156156	428.159518005978
510H_BKr	769.268268268268	6.51850167983296	0.998191103103103	554.1452060892
510H_BKr2	702.82982982983	6.38640554857518	0.997822076076076	460.39096433103
511H_BKr	775.281281281281	6.51858738582461	0.99813243043043	537.094497663481
511H_BKr2	726.108108108108	6.42090410886478	0.997837197197197	464.012589222279
512H_BKr	776.218218218218	6.51912021864348	0.998129957957958	536.411762183367
512H_BKr2	736.910910910911	6.44727006928855	0.997949177177177	489.104722398534
513H_BKr	777.584584584585	6.51774815702608	0.998086738738739	524.87694127142
513H_BKr2	733.937937937938	6.4371023314227	0.997888684684685	475.253254211446
514H_BKr	779.520520520521	6.51393135400282	0.998060284284284	517.583571363628
514H_BKr2	777.921921921922	6.52623550897723	0.99813833033033	539.159641962697
515H_BKr	799.321321321321	6.55841514399026	0.998193753753754	555.715164707112
515H_BKr2	760.078078078078	6.48816486845906	0.998005175175175	503.586561308545
516H_BKr	806.635635635636	6.57743624851487	0.998272710710711	580.801424598261
516H_BKr2	776.385385385385	6.53440224549634	0.998234560560561	567.626229488633
517H_BKr	798.242242242242	6.56433440132377	0.998265651651652	578.265182926207
517H_BKr2	776.356356356356	6.53381708525412	0.998221495495496	563.839899376152
518H_BKr	803.608608608609	6.57089926818434	0.998256444444445	575.473422782852
518H_BKr2	746.349349349349	6.43700484813448	0.997546168168168	412.000106798649
519H_BKr	807.076076076076	6.57895793005852	0.9982842002002	584.627299460369
519H_BKr2	762.251251251251	6.50240385965048	0.998113685685686	531.638333087913
520H_BKr	779.32032032032	6.5251564746317	0.99814007007007	539.367605209601
520H_BKr2	729.904904904905	6.44313327106875	0.997986576576577	497.983319002599
521H_BKr	770.720720720721	6.50995609542781	0.998112194194194	531.339202677045
521H_BKr2	733.128128128128	6.44391164611099	0.997948626626627	489.023126844875
522H_BKr	787.92992992993	6.53630972954037	0.998128788788789	536.605783094466
522H_BKr2	748.123123123123	6.47953344045678	0.998085665665666	523.760823049826
523H_BKr	636.533533533534	6.19373729252122	0.996866236236236	320.908003664431
523H_BKr2	455.782782782783	5.64764945237975	0.993225309309309	148.647214404987
524H_BKr	568.984984984985	6.03100737099999	0.996295611611612	271.025438323124
524H_BKr2	537.855855855856	5.98069478331087	0.99623819019019	266.803695036574
525H_BKr	711.185185185185	6.38522204975315	0.997730774774775	442.183225818997
525H_BKr2	665.113113113113	6.27894390288217	0.997285301301301	370.370505293415
526H_BKr	611.760760760761	6.1085016464873	0.996349033033033	275.419294447897
526H_BKr2	604.166166166166	6.13871884375011	0.996812446446446	315.031317381701
527H_BKr	688.286286286286	6.33114141864495	0.997521185185185	405.003527728441
527H_BKr2	647.276276276276	6.25877729470423	0.997370670670671	381.674678556005
528H_BKr	729.954954954955	6.41574775733518	0.997760068068068	448.408867658826
528H_BKr2	663.034034034034	6.26440897228292	0.997100264264264	346.999033831919
529H	644.656656656657	6.14877098153981	0.995899131131131	246.172261300948
530H	566.195195195195	5.88533849326431	0.992882344344344	142.607871468903
531H	628.994994994995	6.09915593097714	0.99548763963964	224.320949778283
532H	619.057057057057	6.06690823155838	0.995154888888889	209.023188845964
533H	616.495495495495	6.05609168740142	0.995239333333333	212.154953463971
534H	619.389389389389	6.06782567569106	0.995276398398398	214.118994916691
535H	618.254254254254	6.13392986053497	0.996490108108108	286.700117178673
536H	612.282282282282	6.11285823208263	0.995930690690691	248.666953411995
537H	614.43043043043	6.14240977877315	0.996686492492493	303.430887632863
538H	637.693693693694	6.20868597413636	0.99708837037037	344.841692944301
539H	666.299299299299	6.26859136716236	0.99725432032032	365.755301100945
540H	577.521521521522	6.00130493340157	0.995485681681682	223.311584596831
541H	652.562562562563	6.18352925464176	0.996315357357357	273.996196606434
542H	681.221221221221	6.28629650269654	0.997136512512513	351.490860399945
543H	636.647647647648	6.14920409117834	0.996251675675676	268.83720245169
544H	654.547547547548	6.20700377659244	0.996642614614615	300.116365879058
545H	646.577577577578	6.188625389724	0.996624858858859	298.283640997974
546H	646.136136136136	6.19718773957784	0.996729741741742	307.532963852142
553H	610.551551551552	6.11774658557376	0.996483877877878	286.006178203485
554H	644.123123123123	6.22363634916482	0.997104920920921	347.002098180177
555H	616.479479479479	6.12158527709465	0.99640408008008	279.797846785347
556H	638.021021021021	6.18514465058489	0.996784512512513	312.576101211846
557H	580.696696696697	6.04026037981674	0.996093121121121	257.296822781448
558H	622.642642642643	6.17202987884906	0.996857901901902	319.787713903464
559H	604.389389389389	6.04567899026667	0.995510294294294	224.566041709119
560H	574.906906906907	5.96811507512832	0.994985803803804	201.106373154619
561H	585.921921921922	6.00952161290478	0.995401007007007	219.335220186389
562H	581.698698698699	5.98068250213548	0.995120544544545	206.705448062929
563H	567.612612612613	5.93812106304109	0.994835429429429	195.078013816521
564H	564.905905905906	5.98504128265897	0.995630208208208	230.356758100949
565H	569.816816816817	6.074568543526	0.996636638638639	298.47013780759
566H	607.249249249249	6.16386174961328	0.996889793793794	323.093395438322
567H	600.446446446446	6.10283989295103	0.996413923923924	280.485682403434
568H	596.128128128128	6.07443526957301	0.995977997997998	250.6158227944
569H	590.057057057057	6.06832188888449	0.995926878878879	247.698669751308
570H	603.73973973974	6.11447118154472	0.996489053053053	286.486732464816
577H	670.011011011011	6.24476269864763	0.99687560960961	322.151976429532
578H	672.044044044044	6.24575413150374	0.996774716716717	312.661065931347
579H	673.886886886887	6.23520020786433	0.996649793793794	301.002874782398
580H	659.51051051051	6.2059982461669	0.996566930930931	293.560371674217
581H	684.138138138138	6.28297882249893	0.997058138138138	341.958091049544
582H	668.109109109109	6.20820025546301	0.996326358358358	274.700566099652
583H	640.483483483483	6.17105545859249	0.996591951951952	295.074758323902
584H	615.002002002002	6.05847912758004	0.995545179179179	226.259841200009
585H	615.267267267267	6.08054834300863	0.995834042042042	242.055257700686
586H	611.031031031031	6.03383800880984	0.994984848848849	201.515354549328
587H	618.392392392392	6.08063267790963	0.995759877877878	237.714104521319
588H	610.762762762763	6.05011723359876	0.995435931931932	221.051098850298
BK_481H	749.934934934935	6.49991697026469	0.998215189189189	560.999400119254
BK_481H2	724.248248248248	6.4466219541143	0.99804814014014	513.526610176131
BK_482H	759.73973973974	6.51166892557504	0.998212568568569	560.538510032517
BK_482H2	725.061061061061	6.44242409168581	0.998022318318318	506.907582416377
BK_483H	738.167167167167	6.47276198200507	0.998117087087087	532.236578019894
BK_483H2	713.035035035035	6.42594722282865	0.998003051051051	501.678929046352
BK_484H	620.717717717718	6.2064362491019	0.997168886886887	354.676603710122
BK_484H2	599.375375375375	6.15076313746332	0.996896336336336	323.741355578848
BK_485H	638.002002002002	6.2685414453891	0.997510738738739	402.906294113252
BK_485H2	619.725725725726	6.23051590164911	0.997379089089089	382.813598946697
BK_486H	671.57957957958	6.32582688907391	0.997624960960961	422.468797687286
BK_486H2	651.722722722723	6.28547276888087	0.997486156156156	399.304511439267
BK_487H	710.624624624625	6.40537995976356	0.99786965965966	470.833740308771
BK_487H2	694.738738738739	6.37219474955717	0.997747543543544	445.497061731532
BK_488H	731.148148148148	6.45703879598927	0.998069003003003	519.055626858588
BK_488H2	715.24024024024	6.42841815853991	0.998000274274274	501.24895927384
BK_489H	708.243243243243	6.40658696260528	0.99791419019019	480.613071381814
BK_489H2	679.182182182182	6.34303704038144	0.997692274274274	434.549472964976
BK_490H	760.84984984985	6.5083010994028	0.998139631631632	539.435904078404
BK_490H2	725.106106106106	6.45222294812717	0.998086466466466	523.578414491572
BK_491H	739.045045045045	6.47320302267768	0.998108136136136	529.759085217728
BK_491H2	695.563563563564	6.38194121672956	0.997783441441441	452.794412515026
BK_492H	745.78978978979	6.49045106909842	0.99817441041041	548.850141207432
BK_492H2	735.647647647648	6.47682030164118	0.998162302302302	545.045116926645
BK_493H	732.653653653654	6.46900457467976	0.998133905905906	536.852739576543
BK_493H2	706.029029029029	6.40734230780039	0.99792623023023	483.388704854587
BK_494H	736.404404404404	6.46950643735486	0.998097771771772	526.855582900505
BK_494H2	719.972972972973	6.44145604487931	0.998044408408408	512.453234072341
BK_495H	735.001001001001	6.46391175102283	0.998061853853854	517.427823049862
BK_495H2	700.695695695696	6.38935996468053	0.997798116116116	455.912498870475
BK_496H	712.177177177177	6.40690534468908	0.997820494494495	460.859276327001
BK_496H2	704.506506506507	6.39767866523488	0.997832746746747	463.064975291898
BK_497H	671.044044044044	6.32324879006709	0.997568706706707	412.875126047962
BK_497H2	676.276276276276	6.35893050590409	0.997837023023023	463.334018481241
BK_498H	679.521521521522	6.35983143919923	0.997833005005005	462.406201018959
BK_498H2	681.207207207207	6.3650372648763	0.9978475995996	465.644104835108
BK_499H	597.485485485485	6.14636424576796	0.996930358358358	327.160604062431
BK_499H2	585.367367367367	6.11483109882327	0.996788578578579	312.670977309271
BK_500H	484.560560560561	5.80296274559601	0.994698820820821	189.894677493681
BK_500H2	475.977977977978	5.83888636444518	0.995501415415415	223.485234849162
BK_501H	570.255255255255	6.07122967589321	0.996531255255255	289.669161690416
BK_501H2	555.276276276276	6.04606001934402	0.996445951951952	282.852128338938
BK_502H	619.851851851852	6.20396016081816	0.997181263263263	356.213500677572
BK_502H2	604.748748748749	6.18152684438406	0.997207831831832	359.082716370108
BK_503H	626.887887887888	6.19582535369884	0.997002560560561	335.191790686677
BK_503H2	609.313313313313	6.18833923971854	0.997165331331331	353.96950553005
BK_504H	656.379379379379	6.28946531840036	0.997500728728729	401.639188982797
BK_504H2	636.012012012012	6.25633371241553	0.997454898898899	394.025301070508
RH_100H	670.594594594595	6.30788499222319	0.997499277277277	401.396038374268
RH_101H	644.750750750751	6.2318514129092	0.997125985985986	349.472285204502
RH_102H	610.445445445445	6.08364080249047	0.995525229229229	226.157277097893
RH_103H	568.977977977978	6.07347344862345	0.996498086086086	287.227967055709
RH_104H	601.053053053053	6.17968139087335	0.997204664664665	358.919982411623
RH_105H	543.372372372372	6.02660431158889	0.996479655655656	285.295856918627
RH_106H	686.973973973974	6.34630875398196	0.997666826826827	429.983546386235
RH_107H	671.119119119119	6.29196102833786	0.997294002002002	371.495488341504
RH_108H	649.638638638639	6.22269160909903	0.996937445445445	328.251857163252
RH_109H	584.652652652653	6.13048109596532	0.996914464464464	325.415067303312
RH_10H	552.061061061061	5.98321119389929	0.995793875875876	239.268402163276
RH_110H	570.710710710711	6.11930750717997	0.997027945945946	337.48545190951
RH_111H	545.007007007007	6.00855314775057	0.996160972972973	261.928831747882
RH_112H	599.341341341341	5.9822209390276	0.994287645645646	176.844927949337
RH_113H	696.387387387387	6.36908127471008	0.997717105105105	439.574704142431
RH_114H	663.751751751752	6.27746882304579	0.997273427427427	368.571170740593
RH_115H	533.78978978979	5.94902027198664	0.995721647647648	235.231697701701
RH_116H	549.122122122122	6.03190321416199	0.996473645645646	284.727464249305
RH_117H	517.298298298298	5.88678655522729	0.995146996996997	207.396772459464
RH_118H	666.491491491492	6.28859318789875	0.997340898898899	377.829369392469
RH_119H	633.073073073073	6.17893523054152	0.996625615615616	298.710782356052
RH_11H	524.600600600601	5.96248203083046	0.996063325325325	255.299718485056
RH_120H	573.923923923924	5.88261380661811	0.991141723723724	115.12516234806
RH_121H	630.600600600601	6.15009501958345	0.995949327327327	249.798565379772
RH_122H	642.54954954955	6.24026092390609	0.997225855855856	361.951204506539
RH_123H	636.052052052052	6.22991477493645	0.997176596596597	355.691757088181
RH_124H	574.15015015015	6.04557960770573	0.995833525525526	242.311133677821
RH_125H	634.732732732733	6.25046530080948	0.997436152152152	391.09329649037
RH_126H	593.947947947948	6.12393946551737	0.996611183183183	296.920561381923
RH_127H	681.570570570571	6.316634100695	0.997373033033033	382.848072664351
RH_128H	639.954954954955	6.18651089232582	0.99636765965966	278.31675830272
RH_129H	710.463463463463	6.36611293244758	0.997585223223223	415.850874224747
RH_12H	547.289289289289	5.98509220095732	0.995974318318318	249.751967919285
RH_130H	627.914914914915	6.23105614546393	0.997329223223223	375.704258268131
RH_131H	632.198198198198	6.24326335447763	0.997401445445445	385.970789956642
RH_132H	672.268268268268	6.34220729093517	0.997762520520521	448.029621900381
RH_133H	690.963963963964	6.2986243258242	0.997087757757758	345.656252672241
RH_134H	712.968968968969	6.39410803441551	0.997766698698699	449.389497226754
RH_136H	638.491491491492	6.25316173464865	0.997385485485485	383.907944839943
RH_137H	652.248248248248	6.28571360434766	0.997517735735736	404.117331599849
RH_138H	618.228228228228	6.13126486030229	0.99586444044044	244.860565626971
RH_139H	467.26026026026	5.89177099344837	0.996179393393393	262.828356880504
RH_13H	366.006006006006	5.58604607275453	0.994736930930931	190.558504364213
RH_140H	508.90990990991	5.8946440539515	0.995462262262262	221.660616980816
RH_141H	556.067067067067	6.0638187194879	0.996667219219219	301.203781852573
RH_142H	654.857857857858	6.28624980124939	0.997481279279279	398.441931835117
RH_143H	680.407407407407	6.34840044922575	0.997725099099099	440.996326075592
RH_144H	698.173173173173	6.37917418752458	0.997799353353353	455.775452393978
RH_145H	605.852852852853	6.18383816986643	0.997199145145145	358.117347966745
RH_146H	588.888888888889	6.08662298371581	0.996149193193193	261.908240195202
RH_147H	558.448448448448	6.01598204364049	0.995994638638639	251.222660517837
RH_148H	595.292292292292	6.10064515962346	0.996538452452452	290.218657042138
RH_149H	324.055055055055	4.81560962155653	0.979015403403403	47.9320691168501
RH_150H	648.535535535536	6.28004103654172	0.997541727727728	407.843622931787
RH_151H	554.791791791792	5.83088789081154	0.989579823823824	97.8641520750027
RH_152H	595.444444444444	6.10303597421786	0.995838304304304	243.551849964293
RH_153H	594.308308308308	6.17780969934851	0.997263397397397	366.391534723009
RH_154H	620.472472472472	6.18652937889349	0.997061713713714	341.50125508827
RH_155H	632.129129129129	6.20538112691508	0.997089293293293	344.991199507424
RH_156H	642.906906906907	6.2320592254951	0.997163865865866	354.046331049304
RH_157H	574.854854854855	6.13043460678204	0.997052994994995	340.354017703576
RH_158H	540.953953953954	5.9483325709081	0.994599101101101	187.923599262573
RH_159H	628.227227227227	6.24608781611941	0.997440684684685	391.940459083932
RH_160H	670.538538538539	6.32887743224002	0.997661151151151	428.858230169753
RH_161H	578.663663663664	6.05449909960605	0.996290438438438	270.982345473578
RH_162H	654.661661661662	6.29022879828777	0.997548830830831	409.10647208382
RH_163H	640.814814814815	6.26596288716631	0.997478294294294	397.727927580595
RH_164H	630.948948948949	6.24222348406938	0.997364516516516	380.833634914398
RH_165H	645.026026026026	6.25075831953299	0.99731986986987	374.449861258703
RH_166H	639.863863863864	6.23182087465968	0.997215953953954	360.574943167602
RH_167H	632.652652652653	6.1943596164157	0.996897561561562	324.253248077315
RH_168H	651.611611611612	6.2585120087971	0.997302096096096	371.921101392926
RH_169H	581.275275275275	6.1656122077322	0.997225167167167	361.570968777765
RH_16H	566.852852852853	6.02309998902975	0.995611817817818	230.405757968696
RH_170H	610.298298298298	6.2106402378797	0.997339005005005	376.953068629245
RH_171H	521.336336336336	6.0462413686294	0.996979985985986	331.755370769173
RH_172H	637.381381381381	6.23090192223187	0.996929225225225	328.635903332538
RH_173H	652.743743743744	6.32348652616695	0.997796186186186	454.575828933287
RH_174H	616.724724724725	6.23213719194401	0.997453091091091	393.591871949537
RH_175H	543.746746746747	5.96001353839091	0.995139983983984	207.879828685528
RH_176H	556.735735735736	5.98856364321573	0.995232752752753	211.809341328064
RH_177H	497.164164164164	5.89000878058129	0.995262522522523	212.589371501232
RH_178H	635.907907907908	6.26385023478778	0.997476764764765	397.577696518197
RH_179H	607.616616616617	6.19556230444835	0.997209025025025	359.513654480809
RH_17H	571.216216216216	6.04351735636163	0.996183833833834	263.516298550261
RH_180H	633.298298298298	6.28987778951866	0.997727059059059	440.737701875994
RH_181H	583.233233233233	6.16145950870023	0.997210720720721	359.574642922566
RH_182H	509.677677677678	5.65154874081554	0.987648762762763	82.1300053526736
RH_183H	629.027027027027	6.21933069976525	0.997177911911912	355.732173348719
RH_184H	625.471471471471	6.23484819966157	0.997352906906907	379.051104878317
RH_185H	649.598598598599	6.29428854178062	0.99759978978979	417.806060960269
RH_186H	655.218218218218	6.30321953520648	0.997619053053053	421.222504114375
RH_187H	683.435435435435	6.34202600533862	0.997601051051051	418.632434407772
RH_188H	719.594594594595	6.4323573390573	0.997985985985986	497.90314803491
RH_189H	737.361361361361	6.44633551328321	0.997912884884885	480.987317323508
RH_18H	562.800800800801	5.99111877412471	0.995570932932933	227.480510126494
RH_190H	697.106106106106	6.39669054575989	0.99791809009009	481.428723749825
RH_191H	698.165165165165	6.40164412425741	0.997964796796797	492.271743685948
RH_192H	692.202202202202	6.33412010567777	0.99714848048048	354.8983939229
RH_193H	718.441441441441	6.41571379392532	0.997862132132132	469.426790303302
RH_194H	718.446446446446	6.41673921882067	0.997855093093093	468.017999177015
RH_195H	713.887887887888	6.41637383593468	0.997923451451451	482.888685511972
RH_196H	692.2002002002	6.33089316021111	0.997419291291291	389.506576332325
RH_197H	716.253253253253	6.40832279882953	0.997852246246246	467.036463290959
RH_198H	709.7997997998	6.37926516420791	0.997595033033033	418.180859436362
RH_199H	660.194194194194	6.29296983241134	0.997465821821822	396.153416091555
RH_19H	344.474474474474	5.47806399952736	0.993510944944945	154.869007142252
RH_1H	408.927927927928	5.72167304974638	0.995419095095095	218.945660301521
RH_200H	623.173173173173	6.14646855318932	0.995944356356356	250.082019740795
RH_201H	702.184184184184	6.40008890406307	0.997918592592593	481.568510261983
RH_202H	668.333333333333	6.28912419066272	0.99724228028028	364.871431730125
RH_203H	713.614614614615	6.42684568385333	0.998000578578579	501.244024540504
RH_204H	710.661661661662	6.40243236797802	0.997795577577578	455.818975181712
RH_205H	700.930930930931	6.38043103643274	0.997744472472472	445.0762938834
RH_206H	591.921921921922	6.08638918400758	0.996260884884885	269.239020892579
RH_207H	654.274274274274	6.2836164241924	0.997429713713714	390.89647307662
RH_208H	709.481481481482	6.39956765287797	0.997846906906907	465.867260796748
RH_209H	691.271271271271	6.38260198142933	0.997894948948949	476.102811368446
RH_210H	545.90990990991	5.85037262496773	0.993868216216216	164.45113886161
RH_211H	632.732732732733	6.24449815425178	0.997399841841842	385.772805562398
RH_212H	676.745745745746	6.32555584632354	0.997575311311311	413.989432449165
RH_213H	693.940940940941	6.35261140520245	0.997608244244244	419.869345511602
RH_214H	676.85985985986	6.31582325839198	0.99745818018018	395.304294068452
RH_215H	645.446446446446	6.11234674452592	0.994063793793794	172.014655329257
RH_216H	673.618618618619	6.28338811599535	0.997202584584585	359.26922817288
RH_217H	535.106106106106	6.05877539070875	0.996894458458458	322.873712267281
RH_218H	520.995995995996	5.99590202273979	0.996342806806807	274.968166167778
RH_219H	572.214214214214	6.12402759524414	0.997003805805806	334.875955307583
RH_21H	372.684684684685	5.60437459662715	0.994775027027027	192.026516156115
RH_220H	670.354354354354	6.32953856758315	0.997670576576577	430.56641361903
RH_221H	670.923923923924	6.33725208815856	0.997696956956957	435.5029723315
RH_222H	658.191191191191	6.28318095419495	0.997339893893894	377.913130406982
RH_223H	557.159159159159	6.08136938039697	0.996744138138138	308.534777347605
RH_224H	683.885885885886	6.21612700231628	0.995562868868869	229.161913175531
RH_225H	648.446446446446	6.07428960464144	0.994457433433433	182.764025940227
RH_226H	615.345345345345	6.16865287695757	0.996864868868869	320.685533911172
RH_227H	631.343343343343	6.25471935148624	0.997466044044044	395.838430375586
RH_228H	567.268268268268	6.12253547175884	0.997058792792793	340.981030531097
RH_229H	654.978978978979	6.21460857138992	0.996751747747748	310.043727873494
RH_22H	574.408408408408	6.10213259580474	0.996844556556557	318.003815001334
RH_230H	492.894894894895	5.9572019065828	0.996468714714715	284.152967673107
RH_232H	600.036036036036	6.17304815008611	0.997055955955956	341.144345065227
RH_233H	603.843843843844	6.17695532466106	0.997120604604605	348.494707974593
RH_234H	613.205205205205	6.15912618711603	0.996593321321321	295.841563234836
RH_235H	667.880880880881	6.2859889271905	0.997327667667668	375.942913450838
RH_236H	619.991991991992	6.24128827179108	0.997481851851852	398.140823497823
RH_237H	637.796796796797	6.25531617582759	0.997417485485485	388.533941250331
RH_238H	606.048048048048	6.13512436416399	0.996670738738739	301.829053233177
RH_239H	675.582582582583	6.286035122242	0.997002678678679	336.652145850696
RH_23H	533.031031031031	5.89723017703672	0.994369129129129	179.90531034399
RH_240H	701.540540540541	6.38880629609702	0.997818546546547	459.930584060543
RH_24H	577.373373373373	6.07965761735063	0.996636970970971	298.407973557002
RH_25H	585.093093093093	5.985809702279	0.99477590990991	193.415510933032
RH_26H	614.221221221221	6.12007751239736	0.996473407407407	285.188024238848
RH_27H	634.28028028028	6.15369609824062	0.996298738738739	272.373040626698
RH_28H	454.061061061061	5.68105449400192	0.993022454454454	144.69157843003
RH_29H	465.944944944945	5.79351169667592	0.994751957957958	192.01309687069
RH_2H	399.452452452452	5.60276094928827	0.993638052052052	158.126377515927
RH_30H	509.858858858859	5.92708477191097	0.995790434434434	238.967839583969
RH_31H	725.840840840841	6.46142414360303	0.998129163163163	535.494942142473
RH_32H	652.744744744745	6.24118816673415	0.997015369369369	337.103314089449
RH_33H	638.012012012012	6.24006330784678	0.997261873873874	366.600587439375
RH_34H	525.564564564565	5.9335200451674	0.995755327327327	236.820864136239
RH_35H	554.474474474475	5.96465098786023	0.995001163163163	202.20950639137
RH_36H	471.116116116116	5.71714780176331	0.993248568568569	149.71334131798
RH_37H	438.065065065065	5.05959317352935	0.971275363363363	35.2056318223889
RH_38H	574.551551551552	6.00627439875764	0.994592920920921	187.615281970762
RH_39H	730.713713713714	6.43860533735035	0.99796445045045	492.529683798342
RH_3H	386.728728728729	5.49367894640643	0.992326544544544	131.195181552604
RH_40H	484.93993993994	5.89019297239121	0.995706222222222	234.35297775474
RH_41H	546.747747747748	6.05896367846743	0.996698782782783	304.258929457289
RH_42H	534.128128128128	6.04650223697666	0.996804158158158	313.880594121144
RH_43H	714.117117117117	6.38481277189355	0.997688702702703	434.397412405574
RH_44H	700.29029029029	6.35036661383191	0.997542102102102	408.718727180049
RH_45H	567.506506506507	5.80918702362748	0.992011043043043	126.516674356946
RH_46H	559.776776776777	6.05705108392382	0.996480814814815	285.715586542903
RH_47H	554.712712712713	6.00571993216626	0.99590594994995	246.018282494229
RH_48H	593.042042042042	6.15127924917861	0.996981445445445	332.715343430389
RH_49H	425.022022022022	5.78717683898913	0.995949685685686	247.442137309287
RH_4H	501.644644644645	5.77389455806703	0.993554708708709	156.450498097296
RH_51H	383.267267267267	5.3818954390858	0.989085615615616	92.4643868572339
RH_52H	466.57957957958	5.52431093364695	0.990127199199199	102.059097524002
RH_53H	588.101101101101	6.11573856496115	0.996788112112112	312.595587616063
RH_54H	438.825825825826	4.9871172975449	0.953077273273273	21.5569064649063
RH_55H	467.188188188188	5.86732743759643	0.995986702702703	250.115819594959
RH_56H	432.306306306306	5.79233008925988	0.995900498498498	244.489821685552
RH_57H	354.577577577578	5.48818660524101	0.993282788788789	149.738508083427
RH_58H	621.526526526526	6.15786761403941	0.996559791791792	292.676846899584
RH_59H	610.478478478478	6.14489450863752	0.996634224224224	299.057453815898
RH_5H	463.785785785786	5.41660463066984	0.982083467467467	56.6852419412296
RH_60H	533.763763763764	5.69910626164905	0.988408942942943	87.6567596963613
RH_62H	424.024024024024	5.7183830588923	0.995132560560561	206.1755155117
RH_64H	620.491491491492	6.1193365776232	0.995818426426426	242.073329060025
RH_65H	632.233233233233	6.17311936356535	0.99662598998999	298.319419645327
RH_66H	601.605605605606	6.07906530788167	0.995900660660661	246.043236438336
RH_67H	407.755755755756	5.71569885575834	0.995319379379379	214.492822048549
RH_68H	459.409409409409	5.81507620993075	0.995361161161161	216.763626537092
RH_69H	488.1001001001	5.90679430547435	0.99587042042042	243.710783115541
RH_6H	565.076076076076	6.02187923095957	0.995978252252252	250.346631521786
RH_70H	652.361361361361	6.25708746676665	0.997279347347347	368.909532745601
RH_71H	654.986986986987	6.25870260434214	0.997211333333333	360.253909655198
RH_72H	671.222222222222	6.27133509463907	0.996843319319319	320.23551090198
RH_73H	584.267267267267	6.08731877114409	0.996439647647648	282.517671499232
RH_74H	736.461461461461	6.45470918777344	0.997993541541542	499.879716775998
RH_75H	641.688688688689	6.2223997008267	0.996993303303303	334.439511450249
RH_76H	611.818818818819	6.14301159719592	0.996613079079079	297.005894222288
RH_77H	607.883883883884	6.12140803236635	0.996465217217217	284.571554000627
RH_78H	638.854854854855	6.24931395966402	0.997361353353353	380.28683136103
RH_79H	615.379379379379	6.1688201515711	0.99678623023023	313.014884298548
RH_7H	375.359359359359	5.62539518783416	0.995091419419419	204.209805191496
RH_80H	693.169169169169	6.37076808960968	0.997720314314314	440.489366928448
RH_81H	659.238238238238	6.26337157376212	0.997173033033033	355.86209911672
RH_82H	652.349349349349	6.25540879619441	0.99710974974975	348.357525071038
RH_83H	657.107107107107	6.25726058533486	0.997021893893894	338.489489577515
RH_84H	678.336336336336	6.3408697081175	0.997709757757758	437.800657874208
RH_85H	640.52952952953	6.16264866205475	0.996186202202202	264.859381663712
RH_86H	671.035035035035	6.29679923586618	0.997417307307307	388.790632720381
RH_87H	625.998998998999	6.13059056133324	0.996256492492492	269.154805715919
RH_88H	650.967967967968	6.22516592645396	0.996820136136136	316.769934105502
RH_89H	642.089089089089	6.17814912876364	0.996349025025025	276.309031538521
RH_8H	723.113113113113	6.41349150421223	0.997827149149149	461.920884211567
RH_90H	622.587587587588	6.09442098535597	0.99539156956957	219.498952814896
RH_91H	459.770770770771	5.88014617798294	0.996183623623624	262.942839650205
RH_93H	467.366366366366	5.88023687810515	0.996095955955956	257.130514643877
RH_94H	651.880880880881	6.20648417808131	0.996516252252252	289.489514881412
RH_95H	653.720720720721	6.23523082162506	0.996953711711712	330.458265708465
RH_96H	663.494494494494	6.22915325516552	0.996319119119119	275.530987871664
RH_97H	614.011011011011	6.20190981673472	0.997249995995996	364.718865194566
RH_98H	591.312312312312	6.16461474602466	0.997190398398398	356.931807682126
RH_99H	598.908908908909	6.17960194893107	0.997203177177177	358.623305755449
RT_100H	485.658658658659	5.5526347558715	0.989334496496497	94.6999014557087
RT_101H	416.512512512513	5.29783391161118	0.986338914914915	73.8774578660934
RT_102H	468.886886886887	5.63185751865616	0.992559975975976	135.4785642113
RT_103H	439.083083083083	5.2190557681906	0.980397771771772	51.4770813424755
RT_104H	481.766766766767	5.67566704635032	0.992751613613614	139.220076383176
RT_105H	491.867867867868	5.52916269211377	0.987542426426426	81.1084508517652
RT_106H	449.076076076076	5.19891593034717	0.974354562562563	39.4620835374381
RT_107H	529.922922922923	5.69918773735302	0.989475497497498	96.3467462073342
RT_108H	505.774774774775	5.70362422858503	0.99216958958959	128.927739072612
RT_109H	464.101101101101	5.608671510808	0.99184152952953	123.707793987176
RT_10H	255.744744744745	4.08207815209872	0.944755245245245	18.1939996580083
RT_110H	398.163163163163	5.22474005392156	0.982415235235235	57.568885380358
RT_111H	477.701701701702	5.67286027232989	0.992254810810811	130.366267960457
RT_112H	510.013013013013	5.77943473790408	0.99363358958959	158.646213185468
RT_113H	509.006006006006	5.66474717755629	0.990642602602603	108.086583808038
RT_114H	437.068068068068	5.46786918737664	0.989224814814815	93.8534919384998
RT_115H	478.598598598599	5.67420744370714	0.992136886886887	128.616542724909
RT_116H	391.418418418418	5.42215225049786	0.991458316316316	117.734675451344
RT_117H	341.461461461461	5.13765609283867	0.987800116116116	82.3758143995908
RT_118H	452.992992992993	5.42391511488478	0.986601821821822	75.4389447176605
RT_119H	412.003003003003	5.19164793481671	0.983865671671672	62.4576574784378
RT_11H	381.92992992993	5.05777446431922	0.98090383983984	52.7153603559624
RT_120H	366.452452452452	5.18065027412536	0.986790870870871	76.2711261484785
RT_121H	543.905905905906	5.88328572872017	0.994475395395395	182.557144963544
RT_122H	565.627627627628	5.94380182313058	0.995078834834835	204.607287470634
RT_124H	388.553553553554	5.26995387242631	0.985366672672673	69.1827494998002
RT_125H	478.309309309309	5.61923572296667	0.991923243243243	124.749817488434
RT_126H	427.435435435435	5.32848946657369	0.986138024024024	72.8133488261992
RT_127H	480.601601601602	5.49438441526727	0.985742496496496	71.2008293190296
RT_128H	575.755755755756	5.98016615440335	0.995238680680681	211.568883534809
RT_129H	443.258258258258	5.51702912876512	0.991889765765766	124.020086434572
RT_12H	240.44044044044	4.15620995322553	0.944720134134134	18.2030042107577
RT_130H	441.482482482483	5.42415225927325	0.988672144144144	88.9326099188278
RT_131H	412.042042042042	5.26967431624183	0.986022742742743	72.190489736286
RT_132H	430.125125125125	5.38944717439737	0.988345417417417	86.5612433130009
RT_133H	526.127127127127	5.77787665246283	0.993456004004004	154.084459849004
RT_134H	545.894894894895	5.584639137465	0.986885477477477	77.0599313855461
RT_135H	484.615615615616	5.53838802468392	0.990026860860861	101.156429440571
RT_136H	478.493493493493	5.65662327690675	0.992687441441441	137.754208858861
RT_137H	534.183183183183	5.89334374300811	0.995214148148148	210.121065105152
RT_138H	426.601601601602	5.49973460630971	0.991786912912913	122.489086838298
RT_139H	525.058058058058	5.62838209985748	0.989402342342342	95.4320738749416
RT_13H	280.698698698699	4.96620414082616	0.986637893893894	75.162252766661
RT_140H	445.233233233233	5.20035716740181	0.981586672672673	54.6865075910805
RT_141H	420.195195195195	5.24047174526208	0.98549815015015	69.4503043463837
RT_142H	479.624624624625	5.67147386767408	0.993037643643644	144.663831857295
RT_143H	379.146146146146	5.31067265061335	0.989375743743744	94.7559537192324
RT_144H	400.154154154154	5.19643803137239	0.983347601601602	60.6059764786711
RT_145H	362.520520520521	5.03148493209111	0.980764216216216	52.3889826752786
RT_146H	383.333333333333	5.21535889277274	0.987514024024024	80.5765073980037
RT_147H	364.35035035035	5.18950321840019	0.986696860860861	75.749761050443
RT_148H	321.087087087087	4.98281176278525	0.981859961961962	55.6507834730524
RT_149H	311.161161161161	4.95623146624578	0.984231637637638	63.7647574238967
RT_14H	354.102102102102	5.41781203723059	0.992191603603604	128.833415616493
RT_150H	429.77977977978	5.4064932194269	0.988762914914915	89.7748086949449
RT_151H	460.922922922923	5.46076176134252	0.987812754754755	82.8030662068449
RT_152H	486.548548548549	5.55837775660493	0.987036302302302	78.2838049330585
RT_153H	448.761761761762	5.50518426428956	0.988800094094094	90.3602193487453
RT_154H	402.720720720721	5.16612164272241	0.977056046046046	44.1760625686505
RT_155H	472.034034034034	5.58285477117618	0.989778996996997	99.0156382868268
RT_156H	370.620620620621	4.93819544290699	0.973946022022022	38.6889615423166
RT_157H	566.898898898899	5.95060001072502	0.994180890890891	174.301371915599
RT_158H	446.592592592593	5.53974979242648	0.991203153153153	114.610824920023
RT_159H	504.276276276276	5.792166507091	0.993991515515516	167.868152231189
RT_15H	346.567567567568	5.27825132396448	0.988939061061061	91.0805734507138
RT_160H	505.76976976977	5.63584520845591	0.989055485485485	92.6052014155415
RT_161H	377.874874874875	5.16904517799816	0.983556142142142	61.4776349187871
RT_162H	453.887887887888	5.46302284755288	0.987654726726727	81.8367034714458
RT_163H	455.573573573574	5.40389726332096	0.985892744744745	71.5717246245971
RT_164H	531.55055055055	5.89106355118532	0.994714186186186	191.08059947589
RT_165H	469.2002002002	5.44753670321175	0.985508732732733	69.8066707543801
RT_166H	433.752752752753	5.36645776032345	0.985217421421421	68.4509389253744
RT_167H	445.135135135135	5.39385978979892	0.984290742742743	64.5192669555756
RT_168H	503.987987987988	5.68625280317167	0.99070556956957	109.203045519328
RT_169H	348.189189189189	5.13747673035352	0.980765149149149	52.6304589570508
RT_16H	384.577577577578	5.05072933419163	0.980674500500501	52.0949972721202
RT_170H	393.835835835836	5.44891026430235	0.990278502502502	103.821547265343
RT_171H	430.361361361361	5.6361978492903	0.993173049049049	147.839555353475
RT_172H	436.692692692693	5.35021500316611	0.983034552552553	59.7773539146836
RT_173H	461.760760760761	5.55646916385879	0.990696862862863	108.487547748928
RT_174H	411.775775775776	5.28738001870152	0.985443083083083	69.3344652983752
RT_175H	498.491491491492	5.56776808551577	0.988478292292292	87.9075327689188
RT_176H	329.509509509509	5.17678932947821	0.986304612612613	73.6916643701361
RT_177H	309.954954954955	5.10679488984472	0.986857153153153	76.6301433600891
RT_178H	406.651651651652	5.43258292767294	0.989361615615616	95.0502441987177
RT_179H	400.583583583584	5.10244481631583	0.972498418418418	36.8343610649562
RT_17H	369.038038038038	5.28916609750645	0.989658372372372	97.2387095897642
RT_180H	414.536536536537	5.36790991548362	0.988211455455455	85.5474052183839
RT_181H	413.544544544545	4.92923616692483	0.969179727727728	32.7079869230064
RT_184H	434.411411411411	5.26848112465234	0.978559525525525	47.1796053138578
RT_185H	437.134134134134	5.39961480931989	0.986841337337337	76.7550910290927
RT_186H	298.911911911912	4.6874131739344	0.969101289289289	32.5740654169047
RT_188H	487.311311311311	5.9271519384014	0.996161121121121	261.904772241822
RT_189H	457.363363363363	5.80383659840962	0.994428816816817	181.857871750963
RT_18H	385.823823823824	5.13798780222514	0.981320816816817	54.0102906666969
RT_190H	493.581581581582	5.71646215798592	0.991794312312312	123.401005236519
RT_191H	496.119119119119	5.80888767659817	0.993911111111111	165.962218346311
RT_192H	567.382382382382	6.00885430800991	0.994974104104104	201.917323183667
RT_193H	598.504504504505	6.02491822888861	0.995109383383383	206.729312322802
RT_194H	551.016016016016	5.77861304498702	0.989869305305305	100.343038194166
RT_195H	612.459459459459	6.05623411040891	0.994173603603604	174.821028458496
RT_196H	445.820820820821	5.22565188116088	0.980748414414414	52.4416065781083
RT_197H	523.025025025025	5.66477726565742	0.988642254254254	89.3748678586325
RT_198H	566.158158158158	5.82690214237874	0.990831065065065	110.744137799573
RT_199H	546.128128128128	5.70622884582889	0.987438294294294	81.0650499876309
RT_1H	405.162162162162	5.41766643823939	0.989319273273273	94.561345442153
RT_200H	540.980980980981	5.79394487232668	0.992085057057057	127.952997110499
RT_201H	487.304304304304	5.65012257278865	0.991150708708709	114.433970427689
RT_202H	514.60960960961	5.61599500313425	0.985680014014014	71.0685955184073
RT_203H	553.362362362362	5.82060629885945	0.99178985985986	123.567008393574
RT_204H	587.13013013013	5.96776781672367	0.992975637637638	145.236167552222
RT_205H	316.82982982983	4.83836729267879	0.980912594594595	52.6682549350254
RT_206H	317.871871871872	4.76518973278146	0.975673207207207	41.3567649102516
RT_207H	460.396396396396	5.39321259423655	0.986193731731732	73.0855230311726
RT_208H	403.053053053053	5.2258472762476	0.983404886886887	60.8220382102264
RT_209H	454.835835835836	5.48879942614009	0.987407951951952	80.5414163575175
RT_210H	318.397397397397	4.95443071342648	0.982631803803804	57.9272649376451
RT_211H	383.435435435435	5.21957593157833	0.986072298298298	72.3893277112205
RT_212H	480.01001001001	5.60906625437927	0.991565995995996	119.498656768091
RT_213H	521.102102102102	5.71317673762479	0.991309391391391	116.364415828401
RT_214H	533.126126126126	5.72124693378219	0.990724552552553	109.021742159893
RT_215H	488.165165165165	5.60647230062986	0.991386824824825	116.948596575822
RT_216H	502.282282282282	5.78672949763474	0.994198948948949	173.661840537338
RT_217H	482.815815815816	5.69272704948479	0.992270778778779	130.827185751922
RT_218H	406.406406406406	5.40438044756492	0.988290108108108	86.2259928256051
RT_21H	241.232232232232	4.35823120449304	0.957045015015015	23.4390565326586
RT_220H	481.698698698699	5.62356347026244	0.990514684684685	106.690648673221
RT_221H	579.22022022022	6.05569943586219	0.996214786786787	265.827910821539
RT_222H	512.931931931932	5.84155782584452	0.994058888888889	169.927273993474
RT_223H	436.151151151151	5.61931435146434	0.992182086086086	129.123996411148
RT_225H	361.084084084084	5.2559917074403	0.98656368968969	75.1349550357652
RT_226H	536.01001001001	5.89289183283078	0.994947727727728	199.199139440821
RT_227H	530.542542542542	5.94221049823608	0.995516258258258	224.523616527102
RT_228H	502.917917917918	5.77521059491321	0.993539711711712	156.142855025211
RT_229H	448.575575575576	5.38676646823153	0.9873817997998	79.977346894451
RT_22H	317.964964964965	4.83089891606004	0.975603489489489	41.3089249945831
RT_230H	556.54954954955	5.81416081067354	0.993037051051051	144.804284393892
RT_231H	421.76976976977	5.59927488847002	0.991132278278278	114.226153352642
RT_232H	486.672672672673	5.78789051929496	0.994089437437437	170.925243841199
RT_233H	460.861861861862	5.60009744213973	0.991132934934935	113.850255990105
RT_234H	451.668668668669	5.49705135439975	0.987155963963964	78.9991597286541
RT_235H	363.944944944945	5.32304953784021	0.988896766766767	90.7556892176774
RT_236H	340.108108108108	5.10575674500119	0.983928978978979	62.7274781529891
RT_237H	356.286286286286	5.3840403384764	0.991781651651652	122.301780029833
RT_238H	342.452452452452	4.87111568760833	0.976409803803804	42.7012933218889
RT_239H	481.082082082082	5.61522490848325	0.9906781001001	108.358233837612
RT_23H	179.75975975976	3.28840994791659	0.878533253253253	8.26650118467293
RT_240H	450.454454454454	5.49107546608213	0.98990973973974	99.8914778805258
RT_24H	251.896896896897	4.14176262195242	0.932323251251251	14.8712494802664
RT_25H	288.336336336336	4.43172658349711	0.959390912912913	24.782957134963
RT_26H	303.614614614615	4.77951088841726	0.979874346346346	49.9377364623657
RT_27H	319.820820820821	4.89387642629927	0.982807279279279	58.4607724898498
RT_28H	287.930930930931	4.70665838082197	0.974427197197197	39.3559467623809
RT_29H	283.032032032032	4.4939208127396	0.950390652652653	20.3480642922792
RT_2H	346.94994994995	5.23377699317466	0.989439327327327	95.2125678769232
RT_30H	344.522522522523	4.98649336312272	0.977616666666667	45.138778945178
RT_31H	470.520520520521	5.50489983517765	0.989865411411411	99.4523527500935
RT_32H	703.58958958959	6.3986337750535	0.997874638638639	471.843825082607
RT_33H	736.086086086086	6.46966287885915	0.998093211211211	525.787423082144
RT_34H	370.459459459459	5.29797447730496	0.989356954954955	94.6248084967704
RT_35H	370.904904904905	5.16269626478847	0.984950064064064	66.9669014038633
RT_36H	336.241241241241	5.02982006940509	0.983498194194194	61.0332657355247
RT_37H	380.355355355355	5.30841209308174	0.986927015015015	77.3122821157924
RT_38H	436.92992992993	5.18845714576796	0.970821027027027	34.698408027405
RT_39H	541.606606606607	5.78758610373409	0.992236852852853	130.343677757468
RT_3H	331.53953953954	5.1005930287181	0.98706792992993	77.7376882413295
RT_40H	307.124124124124	4.96197167592438	0.984772552552553	65.9899434964249
RT_41H	346.668668668669	5.24212456049599	0.98698241041041	77.7245881984616
RT_42H	396.648648648649	5.49947017143197	0.992336394394394	131.248296267353
RT_43H	436.584584584585	5.23178034417222	0.97943818018018	49.2889885476629
RT_44H	521.19019019019	5.84756291602953	0.994359733733734	178.72555911013
RT_45H	563.406406406406	5.88582588855714	0.993862184184184	164.585967210653
RT_46H	387.061061061061	5.27436374814867	0.984796314314314	66.5437796287902
RT_47H	360.696696696697	5.10425433118596	0.982889159159159	58.9194110168256
RT_48H	442.402402402402	5.64117520755235	0.992745327327327	139.076062886129
RT_49H	316.718718718719	4.98005522672327	0.981333197197197	54.0634736281625
RT_4H	341.255255255255	4.8473105158581	0.975991305305305	41.9559212588694
RT_50H	400.419419419419	5.46105507115708	0.991007121121121	112.242385694002
RT_51H	279.267267267267	4.28297433894053	0.940120900900901	16.8184433554395
RT_52H	299.781781781782	4.8018609602712	0.981271791791792	53.6417923819448
RT_53H	386.687687687688	5.28579329360894	0.988307015015015	86.1320071502962
RT_54H	276.908908908909	4.19713164896978	0.947645707707708	19.1878373295235
RT_55H	383.681681681682	5.47267448867131	0.992722314314314	138.099977940788
RT_56H	361.717717717718	5.22954970237946	0.987177753753754	78.6684937508798
RT_57H	313.294294294294	4.97870858879276	0.98444385985986	64.6564945202788
RT_58H	420.528528528529	5.34549397997059	0.988574544544545	88.0838660162423
RT_59H	439.867867867868	5.48961411688832	0.990404730730731	105.02651801863
RT_5H	258.431431431431	4.67054669150743	0.97796768968969	45.6580173232102
RT_60H	358.936936936937	5.05043256926848	0.982805641641642	58.6256170748474
RT_61H	385.534534534535	5.31781766231027	0.987925333333333	83.4907757710362
RT_62H	314.564564564565	5.01064224255926	0.985709613613614	70.3285278428619
RT_63H	290.824824824825	4.77663060509463	0.977632962962963	44.9762777681875
RT_64H	409.304304304304	5.32787968069773	0.987859255255255	83.0125115172111
RT_65H	426.783783783784	5.42185128028791	0.989443287287287	95.5047750930512
RT_66H	427.600600600601	5.35360315673054	0.98723176976977	78.9844682456646
RT_67H	368.264264264264	5.42050705289255	0.991238166166166	114.982786420336
RT_68H	339.039039039039	5.21004572106247	0.987096426426426	78.1525714483751
RT_6H	360.451451451451	4.95551987795926	0.978887815815816	47.6954079207738
RT_70H	482.781781781782	5.65124333887786	0.992164174174174	128.685902584901
RT_71H	485.971971971972	5.6710427083762	0.991891271271271	124.746413064451
RT_72H	403.328328328328	5.33380894311046	0.988920656656657	90.8719032983261
RT_73H	738.792792792793	6.44666021725041	0.997906464464465	479.40219754251
RT_74H	737.635635635636	6.43537397960473	0.997769105105105	450.702207202897
RT_75H	547.951951951952	5.43823835698607	0.969266236236236	32.9728316873097
RT_76H	380.580580580581	5.01373707914875	0.979577535535536	49.3133947454301
RT_77H	435.022022022022	5.08718825836701	0.969027673673674	32.6941009676655
RT_78H	517.642642642643	5.76381210280424	0.992282604604605	130.979503410961
RT_79H	549.215215215215	5.76153958507063	0.99126627027027	115.83809794798
RT_7H	286.486486486487	4.78698685164086	0.97870416016016	47.3039725539144
RT_80H	556.647647647648	5.88009388867331	0.993454368368368	154.51927472924
RT_81H	430.419419419419	5.43164206565982	0.989387721721722	95.0527511187553
RT_82H	373.54954954955	5.12740271140757	0.983765297297297	62.0983427304063
RT_83H	487.17017017017	5.57709671752254	0.988961345345345	91.6042894973036
RT_84H	413.900900900901	5.26932935071556	0.98471625025025	66.0599636147154
RT_85H	352.905905905906	5.04266748246561	0.984127429429429	63.3738887641981
RT_86H	226.224224224224	4.44910094937124	0.975142124124124	40.3990678284051
RT_87H	395.990990990991	5.22735452633945	0.984616554554555	65.5391178749691
RT_88H	362.713713713714	4.94573579991526	0.976442810810811	42.8543280035642
RT_89H	301.36036036036	4.92431110736533	0.983808122122122	62.112181246049
RT_8H	413.067067067067	5.5640234117935	0.992685469469469	137.697353410588
RT_90H	331.791791791792	4.94513552129129	0.980640812812813	52.0023280549114
RT_91H	413.881881881882	5.28037919211866	0.985660660660661	70.4128249272507
RT_92H	420.484484484484	5.42014072919322	0.990130038038038	101.920291889289
RT_93H	421.439439439439	5.05731073695436	0.975500926926927	41.1685563034669
RT_94H	360.738738738739	4.89822507111855	0.97598601001001	41.9381052087014
RT_95H	346.682682682683	4.82667381159798	0.972043249249249	36.0821313684464
RT_96H	333.600600600601	4.81385388097545	0.972567773773774	36.7239097504582
RT_97H	532.261261261261	5.85620512126311	0.994643181181181	187.851118938809
RT_98H	523.952952952953	5.76761981096508	0.992921525525525	142.547047929307
RT_99H	454.16016016016	5.56434366850313	0.991060118118118	113.100060466723
RT_9H	327.672672672673	5.19360236682081	0.988853307307307	90.2562242307214
