Sample_ID	ASV_num	Shannon	Simpson	Inv_simpson
241H_RH	587.850850850851	4.10778287220386	0.933864738358358	15.1293790187063
241H_RT	225.737737737738	2.33709104600208	0.714577022762763	3.50451919741674
242H_RH	610.315315315315	3.81769398798644	0.867432663623624	7.54805292536292
242H_RT	192.259259259259	1.83920959828592	0.562610841521522	2.28674128450061
243H_RH	606.258258258258	3.81998023033105	0.870720625745746	7.73962365216276
243H_RT	256.685685685686	2.73886132206602	0.823777010650651	5.67618963820392
244H_RH	603.031031031031	3.87111704101815	0.891630478058058	9.23324005442434
244H_RT	217.722722722723	2.38136121981596	0.738115906226226	3.81962654941377
245H_RH	590.781781781782	3.56262596146252	0.841417922402402	6.30905429256519
245H_RT	184.926926926927	2.10846457008745	0.672042761441441	3.04994391135549
246H_RH	568.868868868869	3.69406973097524	0.866066305265265	7.47087696298358
246H_RT	213.147147147147	2.07426456216429	0.647186934334334	2.83501710856085
247H_RH	539.964964964965	3.50665759834608	0.839048398978979	6.2161664356359
247H_RT	206.584584584585	2.10464206008682	0.662958020520521	2.9677174801748
248H_RH	588.671671671672	4.15692220687324	0.932799743663664	14.8887779469738
248H_RT	200.049049049049	2.77983232834682	0.873677285725726	7.91809435222374
249H_RH	470.312312312312	2.96239443647673	0.776744411351351	4.48068373674673
249H_RT	140.342342342342	1.58200274002062	0.524232982182182	2.10220476011638
250H_RH	519.978978978979	3.53514767099391	0.878817935835836	8.25594245146071
250H_RT	137.583583583584	2.08044891443395	0.786871241621622	4.69261273683699
251H_RH	588.128128128128	3.95707986284673	0.893775621881882	9.41973509530361
251H_RT	154.004004004004	2.05324523534584	0.72255128966967	3.60502821281359
252H_RH	566.53953953954	3.83884847603785	0.883080781161161	8.55829240178732
252H_RT	173.564564564565	2.0633284173122	0.692689312252252	3.25475938460439
253H_RH	621.85985985986	4.44374676502145	0.955839710930931	22.6623282985897
253H_RT	211.379379379379	2.68355079455113	0.825430343383383	5.73016699111946
254H_RH	664.292292292292	4.58365931036357	0.959069275675676	24.4523599731372
254H_RT	239.471471471471	2.60746570142477	0.798060314534535	4.95348298342052
255H_RH	621.487487487487	4.02882237260316	0.88140302972973	8.43747608619952
255H_RT	235.276276276276	2.33591085899191	0.677332528048048	3.09996116245088
256H_RH	595.268268268268	4.05388326043216	0.907957149189189	10.872508247999
256H_RT	232.326326326326	2.69546468574186	0.827485487667668	5.79831747215344
257H_RH	592.06006006006	4.06324906420743	0.906319826886887	10.6826625482961
257H_RT	212.159159159159	2.43780675234894	0.751439143123123	4.02442259172136
258H_RH	550.201201201201	3.66538837448933	0.857810129169169	7.03675682573916
258H_RT	174.52952952953	2.06604819239906	0.690096355935936	3.22762132943432
259H_RH	531.129129129129	3.9532430117271	0.925375253833834	13.4081874124116
259H_RT	191.399399399399	2.26649252195816	0.736467400900901	3.79552105670607
260H_RH	508.391391391391	3.52195729724973	0.886454297717718	8.81092961856581
260H_RT	166.986986986987	2.11245264451287	0.722238212612613	3.60103430552537
261H_RH	511.721721721722	3.5654384328376	0.882116433873874	8.48775941971087
261H_RT	147.792792792793	2.20667154399	0.74822210948949	3.97279518585906
262H_RH	535.531531531532	4.06088714678238	0.943831142122122	17.8129209600958
262H_RT	151.678678678679	1.88891640943872	0.703741028988989	3.37581420402692
263H_RH	588.016016016016	4.06694275118281	0.925445557977978	13.422093400481
263H_RT	169.118118118118	2.27197704596317	0.794436250930931	4.86549121176512
264H_RH	527.503503503503	3.68865535616035	0.887709195015015	8.91047714796139
264H_RT	127.805805805806	1.82178144014031	0.64277549011011	2.79990188436383
265H_RH	503.504504504504	4.10917350032922	0.959686497677678	24.8127408828484
265H_RT	160.645645645646	2.38024905859765	0.811509615335335	5.3064250535615
266H_RH	362.471471471471	3.12769758911286	0.889738091931932	9.07176377466616
266H_RT	98.7767767767768	1.90867531301507	0.764088164724725	4.23940044837939
267H_RH	514.03003003003	3.76716392984142	0.903992147307307	10.4216218067047
267H_RT	161.545545545546	2.24427483432999	0.77199198022022	4.38651480522118
268H_RH	471.342342342342	3.59821159434077	0.895782084364364	9.60057989284166
268H_RT	230.944944944945	2.97389484518119	0.862001975675676	7.24932151736339
269H_RH	401.786786786787	3.23125520272398	0.882831692372372	8.53743684168057
269H_RT	152.303303303303	1.92603362759145	0.667895308288288	3.01165638323282
270H_RH	396.232232232232	2.93754609365923	0.837905592052052	6.17080710489325
270H_RT	151.55955955956	1.95612996549876	0.646444109169169	2.82902444339122
271H_RH	703.036036036036	4.78503048507592	0.972195802362362	35.9903415499461
271H_RT	195.53953953954	2.42480601275287	0.794648571511511	4.87097323711232
272H_RH	644.518518518518	4.29032777658995	0.950239591211211	20.1065676564788
272H_RT	212.303303303303	2.46279773815685	0.838508773213213	6.1930729502331
273H_RH	645.057057057057	4.29336340271337	0.953917121741742	21.7110377843139
273H_RT	202.446446446446	2.23167415216563	0.752086265205205	4.03454225605635
274H_RH	617.835835835836	4.41139777381181	0.963041213873874	27.0694002604358
274H_RT	208.918918918919	2.46138563870651	0.796831124384384	4.92352249458769
275H_RH	476.271271271271	3.47383166079394	0.903124214754755	10.3257803111779
275H_RT	238.012012012012	2.89465026780378	0.874274324504504	7.9556301543713
276H_RH	640.516516516517	4.77173539013353	0.977405527107107	44.2784294726087
276H_RT	253.212212212212	2.86733426086823	0.858667386646647	7.07777624380956
277H_RH	642.108108108108	4.51242364757759	0.963719489149149	27.5815454532141
277H_RT	169.286286286286	2.40509626682077	0.822205398958959	5.62551131839292
278H_RH	635.935935935936	4.05300723174405	0.925402678438438	13.411662995096
278H_RT	160.015015015015	2.19849426699568	0.79530011009009	4.88588298453338
279H_RH	660.269269269269	4.40547186108343	0.951758102402402	20.740601777128
279H_RT	182.952952952953	2.23289227584454	0.802175426666667	5.05584094256721
280H_RH	579.23023023023	3.9171970103803	0.909907685365365	11.1052629889671
280H_RT	191.189189189189	2.48933488825132	0.801188960940941	5.03132828429913
281H_RH	561.088088088088	4.39437723283087	0.968416632072072	31.6763531363407
281H_RT	191.580580580581	2.4177324908554	0.823547754534535	5.6683533491909
282H_RH	449.464464464464	3.55726000661107	0.9258675405005	13.4930633184972
282H_RT	199.920920920921	2.38815391175531	0.803076626206206	5.07913538396129
283H_RH	761.151151151151	4.81792054940081	0.962228862262262	26.5015070273592
283H_RT	232.85985985986	2.45959460400369	0.799497595195195	4.9886339796771
284H_RH	725.12012012012	4.6022755030598	0.964163806046046	27.9213386989828
284H_RT	246.605605605606	2.39662383860206	0.812178103463463	5.32503225591531
285H_RH	690.87987987988	4.82327365948366	0.977145337337337	43.7784125517197
285H_RT	256.328328328328	3.0526052329338	0.867648206846847	7.55872743832829
286H_RH	655.718718718719	4.53847601767058	0.968961947547547	32.2321046683513
286H_RT	241.631631631632	2.75887376076907	0.85943962990991	7.11595005112075
287H_RH	609.818818818819	3.90773767245773	0.917281978958959	12.0945388823417
287H_RT	220.432432432432	2.45935481837271	0.813850093933934	5.37286164772886
288H_RH	621.55955955956	4.114570267985	0.921230073713714	12.7047117815986
288H_RT	231.551551551552	2.46445675710062	0.80571575995996	5.14806384241017
289H_RH	594.940940940941	4.36138669176654	0.961512567927928	25.9969226957635
289H_RT	123.782782782783	1.72971049769323	0.605625748348348	2.53612167698491
290H_RH	590.846846846847	4.00575529595839	0.93078669021021	14.4548972496379
290H_RT	180.111111111111	2.30317540642713	0.809202501341341	5.24190922172671
291H_RT	181.349349349349	2.2376408132498	0.790120867507508	4.76539019145338
292H_RH	582.062062062062	3.80388449910682	0.897846788288288	9.794032238346
292H_RT	175.583583583584	2.31550245642733	0.771747723663664	4.3823104664376
293H_RH	574.528528528529	4.12056073548105	0.930821768148148	14.4666448736893
293H_RT	162.367367367367	2.02138061266174	0.6788829605005	3.11472654498766
294H_RH	587.693693693694	4.39865822654785	0.96317812978979	27.1733527547539
294H_RT	181.913913913914	2.78008986770799	0.889110087667668	9.01939604688116
295H_RH	658.176176176176	4.44620578584959	0.947478483903904	19.0549817849352
295H_RT	180.376376376376	1.98363469939245	0.663588936096096	2.97318973114415
296H_RH	536.818818818819	3.59761910298488	0.849583612972973	6.65168375192396
296H_RT	163.386386386386	1.45847402544934	0.414445544504504	1.70798200077446
297H_RH	547.348348348348	3.8068220555232	0.920574761281281	12.5965262206582
297H_RT	167.83983983984	2.22794975284592	0.757948533313313	4.13226645123351
298H_RH	577.83983983984	4.21198931969646	0.952791271271271	21.191570695567
298H_RT	212.099099099099	2.70988991879713	0.850232676076076	6.67819305972892
299H_RH	536.903903903904	3.35770663257109	0.844591214654655	6.43667864392444
299H_RT	198.448448448448	2.44078006208509	0.776237289389389	4.47032723258883
300H_RH	454.405405405405	2.57775838812232	0.726163739099099	3.65267158200575
300H_RT	164.955955955956	1.92567167365259	0.628483607827828	2.69220967209793
301H_RH	468.704704704705	3.66819287787409	0.899563562482482	9.96104035287681
301H_RT	151.692692692693	1.84433838548506	0.621803300860861	2.64469483579141
302H_RH	428.374374374374	3.28529350404622	0.876637375775776	8.10851122654985
302H_RT	159.289289289289	2.02132446409786	0.744543556976977	3.915289327805
303H_RH	376.261261261261	2.67977232507734	0.780456751991992	4.55577794582725
303H_RT	128.445445445445	1.73949037184009	0.680015256756757	3.12568092502267
304H_RH	470.973973973974	3.18177508081056	0.82633886014014	5.75986631442635
304H_RT	181.29029029029	1.89291924528224	0.686927509329329	3.19458224103333
305H_RH	439.157157157157	2.99500484880581	0.799709572792793	4.99399864438278
305H_RT	190.68968968969	1.88258074594442	0.675768328848849	3.08466850242213
306H_RH	372.102102102102	2.53020414593603	0.752556511271271	4.04197371170125
306H_RT	185.257257257257	2.09728881596589	0.717951534114114	3.54614718317958
307H_RH	556.187187187187	4.53201796998368	0.96594132042042	29.3863494248146
307H_RT	224.573573573574	2.79412142291361	0.878688565645646	8.24484730160963
308H_RH	510.384384384384	3.89230017470666	0.895667310790791	9.59086392547782
308H_RT	202.095095095095	2.63304590206305	0.842158485805806	6.33677845659809
309H_RH	546.930930930931	4.32598542656901	0.946016129089089	18.538431697727
309H_RT	208.082082082082	2.56360171031521	0.829391162002002	5.86252909582841
310H_RH	516.734734734735	4.06288701204852	0.925262185505506	13.3894231153858
310H_RT	233.446446446446	2.7440947119695	0.845382282982983	6.46936466189682
311H_RH	489.184184184184	3.67376740310527	0.865029435315315	7.41317256192156
311H_RT	239.985985985986	2.84111332477401	0.866883406746747	7.51447312205817
312H_RH	562.346346346346	4.1233475373002	0.921305552912913	12.7156068300224
312H_RT	241.727727727728	2.68268474725894	0.828208129129129	5.82264390310912
313H_RH	542.411411411411	3.91108096282949	0.90414167953954	10.4379556463823
313H_RT	191.192192192192	2.02128522534531	0.700827345905906	3.34328773722314
314H_RH	564.736736736737	4.24637256560077	0.942751333233233	17.4795111346096
314H_RT	199.01001001001	2.59129452175627	0.836876366966967	6.13165581971361
315H_RH	497.054054054054	3.86185516831239	0.899740497497498	9.97960150327896
315H_RT	203.830830830831	2.33206460490204	0.771122162042042	4.37018281571427
316H_RH	543.598598598599	3.83423072206946	0.907265522782783	10.7889647580557
316H_RT	201.283283283283	2.36701747967637	0.780232445925926	4.55147737681995
317H_RH	438.963963963964	3.50687507568175	0.901688620920921	10.1757699488386
317H_RT	199.461461461461	2.48146752800601	0.832533485005005	5.97256875761394
318H_RH	497.207207207207	3.65664241627088	0.878580652932933	8.24020644271071
318H_RT	194.09009009009	1.9599063891841	0.697382668968969	3.30515584298376
319H_RH	434.237237237237	3.69180231579351	0.894795593853854	9.51070397205102
319H_RT	148.401401401401	2.10991681043596	0.754258206306306	4.07010204737366
320H_RH	673.092092092092	4.49988497815608	0.950388683983984	20.175341798886
320H_RT	226.134134134134	2.51162005359128	0.771257510730731	4.37309546428862
321H_RH	403.371371371371	3.16542568548741	0.891368682562563	9.20737947942199
321H_RT	129.961961961962	2.19690270870599	0.794159494654655	4.85893502841981
322H_RH	518.323323323323	4.05576178881429	0.941316576056056	17.0492180122863
322H_RT	234.164164164164	2.98666409444253	0.873087201341341	7.88251696360055
323H_RH	428.037037037037	3.19864346856578	0.845647423643644	6.48088811088912
323H_RT	173.895895895896	2.20160686752045	0.750642546466466	4.01126638000822
324H_RH	443.437437437437	3.38694479903244	0.872202883743744	7.82813329262772
324H_RT	174.337337337337	2.03171646807562	0.669093847207207	3.02272045639374
325H_RH	466.88988988989	3.10926018752251	0.838408376576577	6.19007196426323
325H_RT	159.396396396396	2.07714901809811	0.689382812812813	3.22023750037116
326H_RH	381.838838838839	2.88398554944733	0.859157632712713	7.10164656122012
326H_RT	170.22022022022	2.11761047816113	0.670716431591592	3.0376566344949
327H_RH	573.398398398398	3.77275553752248	0.880702357437437	8.38717830694118
327H_RT	155.044044044044	1.94632798039297	0.643332788048048	2.80436786316431
328H_RH	509.336336336336	3.8341800363147	0.896598604104104	9.67692838718713
328H_RT	191.785785785786	1.73315058358732	0.495828368328328	1.98376157387824
329H_RH	482.568568568569	3.6866468234455	0.90182884992993	10.1916714241794
329H_RT	184.781781781782	2.35964999062031	0.741228641601602	3.86551838717602
330H_RH	519.067067067067	3.50249332504621	0.853833385325325	6.84463951366791
330H_RT	177.802802802803	1.53335984940409	0.435552835675676	1.77187804540414
331H_RH	589.641641641642	3.54287735161488	0.796055318538539	4.90535598853141
331H_RT	259.152152152152	1.92846992456133	0.509410253253253	2.03870172469704
332H_RH	450.665665665666	3.23287768386093	0.865336298778779	7.4284458494235
332H_RT	220.477477477477	2.00378619578888	0.570721240840841	2.32994367899785
333H_RH	667.875875875876	4.22122134758642	0.905436586026026	10.5832141850028
333H_RT	235.007007007007	2.11563332388434	0.566436659179179	2.3069531394104
334H_RH	491.667667667668	3.35759130400766	0.801248694834835	5.03360724951525
334H_RT	264.23023023023	2.56743614367437	0.722985837697698	3.6108743065545
335H_RH	487.814814814815	3.39265499784253	0.808815837837838	5.2330463187914
335H_RT	199.106106106106	2.37414988895124	0.751890871391391	4.03160557616725
336H_RH	527.482482482483	3.65436206930142	0.840131726346346	6.25832193607436
336H_RT	197.795795795796	2.14113467690187	0.658403246346346	2.92814229622621
337H_RH	650.525525525525	4.391516234255	0.936381330770771	15.7322302035116
337H_RT	315.329329329329	2.63807760678855	0.765947604744745	4.2737566917996
338H_RH	598.615615615616	3.93339696194962	0.897457437697698	9.75768477778721
338H_RT	315.760760760761	2.98684887656462	0.847262999119119	6.54942080930089
339H_RH	634.720720720721	4.36289977580064	0.942923023303303	17.5331426708112
339H_RT	275.713713713714	2.6949182655106	0.821729045305305	5.61115509446285
340H_RH	519.297297297297	4.44795937445606	0.966832174434434	30.1664465332736
340H_RT	251.326326326326	3.4749162503043	0.942393744244244	17.3630958285186
341H_RH	582.32032032032	4.08427258041088	0.89212157043043	9.27647985030041
341H_RT	268.794794794795	2.32043216142075	0.668211856396396	3.01469274067789
342H_RH	577.630630630631	4.06518295969906	0.890611098438438	9.14778717109646
342H_RT	300.891891891892	2.82819880147165	0.772035041041041	4.388232963732
343H_RH	624.952952952953	3.73480941116503	0.837108207147147	6.14215959866996
343H_RT	319.540540540541	2.10327490996679	0.537037058558559	2.16040594778507
344H_RH	709.595595595596	4.45302071617218	0.929086604844845	14.1149937101576
344H_RT	337.302302302302	2.74080209857265	0.71616887971972	3.5243294025732
345H_RH	668.407407407407	4.35425409716929	0.918615177317317	12.2971910231568
345H_RT	333.421421421421	2.47502682980362	0.657650471251251	2.9217308090801
346H_RH	530.13013013013	3.6158069580624	0.835716147307307	6.08999733733556
346H_RT	285.928928928929	2.50490950279419	0.671297891811812	3.04305890213319
347H_RH	600.830830830831	4.08613580401551	0.892023536476476	9.26746517620025
347H_RT	291.546546546547	2.42333447676466	0.657446302482482	2.91999065071502
348H_RH	587.738738738739	4.18275545006248	0.913163097377377	11.5245576880059
348H_RT	267.345345345345	2.47414506372072	0.693224753213213	3.26065614961109
349H_RH	522.735735735736	3.42371294913125	0.790572477697698	4.77709844268688
349H_RT	233.742742742743	1.9891253169586	0.582174058578579	2.3938071405232
350H_RH	568.059059059059	3.87591212354578	0.898746205225225	9.8823063784881
350H_RT	243.443443443443	2.653290311983	0.805182607467468	5.13449284999553
351H_RH	601.325325325325	4.02880373422329	0.900242133753754	10.0307413445806
351H_RT	282.301301301301	2.70849506034225	0.775536661301301	4.45657491516449
352H_RH	535.490490490491	3.94512646201602	0.882419264304304	8.51023204684149
352H_RT	216.931931931932	2.41317808006929	0.712177438578579	3.47545593425901
353H_RH	564.443443443443	4.44812061734307	0.953080872812813	21.330952915123
353H_RT	227.128128128128	3.03850014476741	0.882825851031031	8.5374500818237
354H_RH	581.86986986987	4.18100850873877	0.906968856776777	10.7577266002358
354H_RT	275.74974974975	2.48912773213665	0.682933982662663	3.15490790713566
355H_RH	618.807807807808	4.62126677268434	0.964072236856857	27.8598376827207
355H_RT	232.802802802803	2.83558787413187	0.819052263623624	5.52855979033419
356H_RH	525.067067067067	3.87399957196512	0.927744046686687	13.8455497183301
356H_RT	217.011011011011	2.61589608445288	0.769440925405405	4.33868672537323
357H_RH	537.242242242242	3.75038485631491	0.885171363743744	8.7138470046975
357H_RT	178.58958958959	2.31995803103519	0.730549168988989	3.71227124571548
358H_RH	520.931931931932	4.13314564672973	0.941583467547548	17.1284105881956
358H_RT	223.988988988989	2.78938899048616	0.808446281281281	5.22251432637016
359H_RH	502.670670670671	4.16619127021846	0.938588046226226	16.2948067160269
359H_RT	218.665665665666	2.58521618338745	0.730815362962963	3.71611575217523
360H_RH	531.595595595596	3.7542412576946	0.848705845585586	6.6133620874587
360H_RT	203.156156156156	2.37997998518316	0.767538551171171	4.30278773304975
361H_RH	596.029029029029	3.65770864121071	0.874144524824825	7.94857108842857
361H_RT	250.281281281281	2.10595907066207	0.57825770024024	2.37162556079927
362H_RH	582.93993993994	3.88652101844012	0.903564404724725	10.3743357176603
362H_RT	256.164164164164	2.54782936753961	0.720990598878879	3.58523769873804
363H_RH	618.627627627628	3.9275229403034	0.899810765385385	9.98728464019258
363H_RT	267.157157157157	2.29799222096611	0.637963332492492	2.76283814764221
364H_RH	521.134134134134	3.29871961630871	0.838153943743744	6.18066832765717
364H_RT	206.897897897898	1.7083721548298	0.460790247067067	1.85483105619429
365H_RH	498.342342342342	3.23406201187867	0.823622162802803	5.67133628547164
365H_RT	215.90990990991	2.01686680001336	0.576364573393393	2.36102646850362
366H_RH	559.63963963964	3.76645126811742	0.859778403083083	7.13563215420585
366H_RT	181.593593593594	1.74174395590653	0.529199504044044	2.12438978359893
367H_RH	574.598598598599	3.54188083855952	0.864843221861862	7.40151053604015
367H_RT	288.264264264264	2.63884768729257	0.727528004364364	3.67132144979813
368H_RH	542.199199199199	3.30033515366779	0.816736374554555	5.45883380141143
368H_RT	273.575575575576	3.15632942359238	0.889128962642643	9.02310518269745
369H_RH	629.744744744745	3.9868165222483	0.885384236216216	8.73061216339792
369H_RT	302.751751751752	3.06820337636863	0.853692187767768	6.83789709190405
370H_RH	562.354354354354	4.12724381627352	0.916119402482482	11.9295787235329
370H_RT	301.911911911912	3.12675960482612	0.852155738298298	6.76655872166971
371H_RH	448.212212212212	2.99755731432605	0.766403878738739	4.2824898539936
371H_RT	235.798798798799	3.02936051455554	0.87818985043043	8.21268940843654
372H_RH	554.488488488489	4.10712263534947	0.933143986686687	14.9673704080349
372H_RT	267.987987987988	2.75870977231677	0.771487019079079	4.37757347077091
373H_RH	674.036036036036	4.57009132552907	0.96082623975976	25.5504173233786
373H_RT	283.197197197197	2.1702483393875	0.568030177017017	2.31547474161321
374H_RH	639.91991991992	4.33750550795732	0.94930070994995	19.7373148739921
374H_RT	346.681681681682	2.58943711183902	0.671075371151151	3.04100025918712
375H_RH	701.977977977978	4.6942257635626	0.966265874834835	29.6715484469596
375H_RT	323.592592592593	3.02417725729973	0.822661148548549	5.64108992175315
376H_RH	553.368368368368	4.25986181248309	0.954489838058058	21.9848728974684
376H_RT	244.717717717718	2.68381868894825	0.787501993153153	4.70758055633001
377H_RH	538.851851851852	4.23210098033675	0.952048721401401	20.8660284453784
377H_RT	304.098098098098	2.59699523011188	0.689963874834835	3.22639729033359
378H_RH	631.366366366366	4.55884586031779	0.964124905225225	27.8943690740551
378H_RT	307.161161161161	3.14294481800571	0.85454805013013	6.87800830850284
379H_RH	614.143143143143	4.05284477443128	0.907759391231231	10.8490086180148
379H_RT	228.771771771772	2.38133374139308	0.732922637957958	3.74530465513287
380H_RH	485.757757757758	3.72031023899687	0.898185678538539	9.82754760574612
380H_RT	233.912912912913	2.87309129914976	0.858524270810811	7.07064580758619
381H_RH	496.162162162162	3.13580128346081	0.830686044704705	5.90776849746611
381H_RT	203.737737737738	1.86804705259403	0.541897389149149	2.18330722088502
382H_RH	595.615615615616	4.18844512561869	0.921922401801802	12.817177542198
382H_RT	243.297297297297	2.37566892423397	0.700171837857858	3.33611301844062
383H_RH	476.675675675676	2.94000018977538	0.764221487847848	4.24254736227096
383H_RT	218.628628628629	1.80618380926784	0.52307965009009	2.09713395804619
384H_RH	526.484484484484	3.73952043197596	0.900227297157157	10.0273397582816
384H_RT	207.41041041041	2.14927610951709	0.68603603951952	3.18576548887597
385H_RH	708.092092092092	4.86132446409131	0.978671585005005	46.911544209
385H_RT	278.336336336336	2.9562020874441	0.826833006446446	5.7772129651471
386H_RH	622.851851851852	4.77271808133731	0.980276707567568	50.7200946992997
386H_RT	226.283283283283	3.34958716926632	0.922544426746747	12.9147301737801
387H_RH	657.121121121121	4.62989622990344	0.971992260800801	35.7218215972037
387H_RT	263.83983983984	2.8321988870377	0.803108032232232	5.08092567101773
388H_RH	485.56956956957	3.93292668683979	0.915563837297297	11.8512334999195
388H_RT	189.631631631632	3.02381857902073	0.882202911471471	8.49275638448777
389H_RH	539.032032032032	4.22179388259964	0.941348264904905	17.0624145558957
389H_RT	205.837837837838	2.92612678797715	0.869897553853854	7.68848389350122
390H_RH	495.932932932933	3.83572653087711	0.896925831771772	9.70734026643017
390H_RT	175.520520520521	2.7148680772542	0.847520975415415	6.56020282588254
391H_RH	519.418418418418	3.60019164392433	0.903477323463463	10.3643338353274
391H_RT	186.837837837838	2.2063749528721	0.806155563903904	5.15933595374402
392H_RH	448.337337337337	3.08014064964159	0.848928078158158	6.62114435489688
392H_RT	198.522522522523	2.20666560946133	0.7992614998999	4.98231112906421
393H_RH	521.770770770771	3.5876579410408	0.897070434654655	9.71879461982946
393H_RT	170.124124124124	2.25741080798028	0.827386587667668	5.79395023248179
394H_RH	411.513513513513	3.37391203234766	0.894475867107107	9.47943809516762
394H_RT	174.743743743744	2.11235756255853	0.784041991131131	4.63099985223425
395H_RH	368.091091091091	2.99587996625402	0.845064613873874	6.45587488596607
395H_RT	168.251251251251	2.08988737752639	0.784872506726727	4.6489417479696
396H_RH	417.84984984985	3.09643209596167	0.860664305825826	7.17844863482261
396H_RT	169.681681681682	2.15912559646422	0.80297326008008	5.076028689754
397H_RH	651.627627627628	4.56074892805121	0.96089844026026	25.5921594290626
397H_RT	296.722722722723	2.84745542582716	0.857390630830831	7.01353897643038
398H_RH	604.78978978979	4.52581998327847	0.966203921681682	29.6075630708648
398H_RT	231.047047047047	2.94540103019917	0.898166407587588	9.82172592568358
399H_RH	656.594594594595	4.49123814260757	0.959235174374374	24.5458959331776
399H_RT	277.398398398398	2.67557562145498	0.833178297877878	5.99541333211915
400H_RH	500.901901901902	4.16400495875962	0.945385565205205	18.3213338924243
400H_RT	200.087087087087	2.34781038950987	0.801230635795796	5.03168813044292
401H_RH	525.748748748749	4.14496322464591	0.94371826032032	17.7794725423811
401H_RT	172.663663663664	2.11204896701213	0.754677715395395	4.07693437543417
402H_RH	538.784784784785	4.06505120227604	0.918218487327327	12.2357262233465
402H_RT	230.484484484484	2.08721551265877	0.749849320540541	3.99806281608106
403H_RH	603.144144144144	4.01558454408388	0.917898236736737	12.1888888590574
403H_RT	239.633633633634	2.29891694010939	0.758901246286286	4.14849377746811
404H_RH	529.726726726727	3.97582612411781	0.934103259159159	15.1838897730868
404H_RT	210.76976976977	1.87042515496417	0.719722631091091	3.5682651220653
405H_RH	635.28028028028	4.11281683500451	0.921185619279279	12.6965538375133
405H_RT	279.850850850851	2.23561875456993	0.74927415963964	3.98922793530889
406H_RH	531.313313313313	3.88426209213304	0.884097148628629	8.63321944592627
406H_RT	214.366366366366	2.57615252107351	0.826208405025025	5.75507493360191
407H_RH	510.402402402402	3.97027597093955	0.924981821961962	13.3381367560876
407H_RT	210.761761761762	2.18383642443853	0.78268784008008	4.60226314440789
408H_RH	542.098098098098	3.86138353308207	0.891426417277277	9.21611405637498
408H_RT	193.718718718719	1.99841984022594	0.758475819239239	4.14080516610175
409H_RH	482.646646646647	3.6568958580182	0.91893908016016	12.3408880737679
409H_RT	194.70970970971	2.49249058389983	0.821578055655656	5.60584189189277
410H_RH	473.814814814815	3.87504251216689	0.94984801987988	19.9461866979738
410H_RT	170.960960960961	2.50975667662936	0.838405981821822	6.18986723575101
411H_RH	412.031031031031	3.07596786603585	0.86608429947948	7.46989065568274
411H_RT	159.720720720721	1.74248848362897	0.697537156616617	3.30660786936757
412H_RH	526.502502502502	4.16496174132922	0.939505563323323	16.5430965430305
412H_RT	197.171171171171	2.20117772208169	0.74121672024024	3.86506166248823
413H_RH	496.660660660661	4.03505669763426	0.936317342722723	15.7139193478286
413H_RT	240.595595595596	2.49716030289466	0.726445006946947	3.65667849266443
414H_RH	384.564564564565	3.36445612459287	0.89690192	9.70293011733704
414H_RT	140.118118118118	1.99245291665478	0.758357770830831	4.13874742563943
415H_RH	608.714714714715	4.56510999794979	0.966069742542543	29.4973113686577
415H_RT	275.970970970971	2.86936934394385	0.803745575055055	5.09739298923126
416H_RH	622.009009009009	4.42316939838542	0.955606048268268	22.5429304675147
416H_RT	240.766766766767	2.14592684711603	0.721184564504505	3.58732683163332
417H_RH	531.988988988989	3.54192978267932	0.856470923923924	6.97055009384172
417H_RT	221.368368368368	2.314073122966	0.749660783463463	3.99555663388051
418H_RH	352.963963963964	2.75461372041737	0.800597652992993	5.01615952539828
418H_RT	157.325325325325	2.0435536302575	0.732267634734735	3.73581357713341
419H_RH	409.813813813814	3.22677817123885	0.841394038978979	6.30760596554273
419H_RT	190.129129129129	2.34352424426964	0.743183914934935	3.8948538708943
420H_RH	405.82982982983	3.34436066596914	0.85282897011011	6.79828114772791
420H_RT	208.996996996997	2.19507442155456	0.64014448022022	2.77952938237237
421H_RH	489.151151151151	3.21419443203755	0.859360235875876	7.11249038880736
421H_RT	237.51051051051	1.65508854421583	0.442601043023023	1.7942947572614
422H_RH	498.57957957958	3.68958591292217	0.920789812992993	12.6295899609993
422H_RT	262.671671671672	2.96657626233015	0.819367471091091	5.53860023369181
423H_RH	666.925925925926	4.39719432755019	0.958683718398398	24.2161161365712
423H_RT	243.111111111111	2.63640039136371	0.839005397057057	6.21265234993751
424H_RH	515.655655655656	3.43668664066224	0.811218554954955	5.29963582422388
424H_RT	267.081081081081	1.89755534601018	0.485681954374374	1.94463408222975
425H_RH	514.917917917918	3.74290040679434	0.879783188228228	8.3233048289928
425H_RT	276.082082082082	2.04401036461668	0.526838962842843	2.11380925806689
426H_RH	493.378378378378	3.59311476041551	0.838734995335335	6.20430974709776
426H_RT	234.933933933934	1.84212299858971	0.496300443203203	1.98564601419572
427H_RH	678.746746746747	4.53733630681213	0.941375078598599	17.0744789608414
427H_RT	306.576576576577	2.90993952980548	0.806122336316316	5.15980591060158
428H_RH	676.154154154154	4.41573227623603	0.937200895755756	15.9381420018693
428H_RT	289.64964964965	2.89327367304235	0.822272081521522	5.62887312521845
429H_RH	687.803803803804	4.66834472055842	0.961786554754755	26.1950513371282
429H_RT	320.65965965966	3.42161304566497	0.891616292992993	9.23102984854345
430H_RH	571.202202202202	4.1647124194562	0.92640557043043	13.5986453578407
430H_RT	266.575575575576	2.72625682071799	0.753463207487488	4.05755534807111
431H_RH	583.282282282282	4.31668906499739	0.926884555755756	13.6890374230196
431H_RT	261.009009009009	3.32333892522605	0.876072651251251	8.07375698918644
432H_RH	584.796796796797	4.24257742060378	0.919483313233233	12.4301767293077
432H_RT	242.821821821822	3.08049227685267	0.848895325425425	6.62112955478776
433H_RH	670.422422422422	4.23412380287332	0.915572905585586	11.8537487528671
433H_RT	350.661661661662	2.73271992880471	0.713908707627628	3.49645012883404
434H_RH	708.129129129129	4.69427737868528	0.961437857857858	25.9593189484786
434H_RT	317.646646646647	3.5390620683846	0.905577429089089	10.5969711838755
435H_RH	694.650650650651	4.42389466671095	0.933286086626627	15.0018563087301
435H_RT	286.798798798799	3.10524021756485	0.858554150550551	7.07290160508712
436H_RH	498.348348348348	4.11917574090708	0.958682603043043	24.2103332715263
436H_RT	302.938938938939	3.37946799652629	0.88010513031031	8.34490387569002
437H_RH	498.786786786787	4.09326295078074	0.947083811111111	18.9095654075628
437H_RT	259.856856856857	2.76634518843228	0.763089871471471	4.22269253262825
438H_RH	611.035035035035	4.40855559654423	0.924361752652653	13.2320013681987
438H_RT	289.633633633634	2.97935049238036	0.841860208928929	6.3262244860596
439H_RH	586.720720720721	3.90737021850146	0.887935296876877	8.92971068965386
439H_RT	198.46046046046	2.24667684895183	0.699083268768769	3.32402790348932
440H_RH	500.39039039039	2.74455950620532	0.647610584264264	2.83852303265379
440H_RT	213.587587587588	1.99863106490808	0.560935106546547	2.27801801176829
441H_RH	575.842842842843	3.88484966884688	0.920287874194194	12.5508429430414
441H_RT	225.461461461461	2.93355111294699	0.878831274074074	8.25555606857349
442H_RH	516.519519519519	3.97992188699809	0.901452827727728	10.1548721950123
442H_RT	169.801801801802	2.79232107155861	0.862479871351351	7.27343559669029
443H_RH	463.178178178178	3.31990930451139	0.791481285025025	4.79794390750309
443H_RT	183.296296296296	2.37081646210139	0.728174384584585	3.67989191073471
444H_RH	537.701701701702	3.97616583939027	0.903218988668669	10.3392383883449
444H_RT	213.241241241241	2.60803379709103	0.790153207567568	4.76677910493414
445H_RH	628.068068068068	3.69311805888604	0.824801922242242	5.71068898387555
445H_RT	257.426426426426	2.40525389341333	0.656253155995996	2.90989921122682
446H_RH	634.522522522523	4.39332990995744	0.948436113473473	19.4060056098277
446H_RT	293.255255255255	3.4919823642155	0.889726494314314	9.07394988779154
447H_RH	641.561561561562	4.00367910048473	0.887356904084084	8.88339460892247
447H_RT	269.275275275275	2.28360200354733	0.612983379099099	2.58443789003247
448H_RH	496.633633633634	3.91500320170694	0.91512376024024	11.7888524044351
448H_RT	251.74974974975	2.77299190898918	0.751705749269269	4.02897411959984
449H_RH	472.503503503504	3.73958010664997	0.901028027427427	10.1102047330734
449H_RT	197.227227227227	2.14574470252632	0.611165484384384	2.57238099609468
450H_RH	458.896896896897	4.00008345838096	0.943069733813814	17.5749520968014
450H_RT	230.587587587588	3.14254549927318	0.884827871471471	8.68611303950065
451H_RH	631.035035035035	4.13129748774299	0.914641034494495	11.7236710778386
451H_RT	261.476476476476	2.28987866878921	0.614556076656657	2.59503902683992
452H_RH	638.107107107107	4.09368733432763	0.922858684044044	12.9707610656029
452H_RT	256.085085085085	2.73883867965304	0.750392532592593	4.00755724915917
453H_RH	470.24024024024	2.7206981516344	0.769551083503504	4.34013522529297
453H_RT	225.25025025025	2.30662952737789	0.709545372272272	3.44378559437328
454H_RH	467.677677677678	3.19745261363351	0.773482125125125	4.41655799615501
454H_RT	187.911911911912	1.84027755612707	0.58183582972973	2.39185252831509
455H_RH	452.572572572573	3.10841501294786	0.788751407087087	4.73569684441209
455H_RT	197.455455455455	1.77887096645503	0.520282064084084	2.08489260354229
456H_RH	486.906906906907	3.50940847150688	0.874312566086086	7.95928832771629
456H_RT	192.60960960961	2.21325237097216	0.680339820760761	3.12910976410397
457H_RH	638.247247247247	4.14159789057821	0.924789354434434	13.3050506343651
457H_RT	277.546546546547	2.87308299497435	0.798138532992993	4.95595261453335
458H_RH	671.361361361361	4.10617860383607	0.894106761401401	9.44963934759779
458H_RT	304.825825825826	3.23036855691495	0.838373613753754	6.19020617615095
459H_RH	661.684684684685	4.16194200671148	0.917960022822823	12.1982732061914
459H_RT	334.241241241241	3.27625262422543	0.849129185145145	6.63158350891813
460H_RH	492.067067067067	3.41973065388554	0.845782250630631	6.48704667274611
460H_RT	209.485485485485	2.1481438406851	0.603745072872873	2.52418472445757
461H_RH	560.129129129129	4.25884635630358	0.942436713553554	17.3860857835798
461H_RT	229.671671671672	2.43175404434334	0.712139832752753	3.47495182486903
462H_RH	466.459459459459	3.35829393879716	0.858857805685686	7.08752728486135
462H_RT	221.066066066066	2.55538165709271	0.73286079967968	3.74464630413469
463H_RH	656.937937937938	4.12686416424401	0.909456166326326	11.0521134617208
463H_RT	304.193193193193	2.75336394815832	0.754854907007007	4.08067469591945
464H_RH	769.71971971972	4.91202435523682	0.978536343243243	46.6136888091943
464H_RT	270.911911911912	2.75240802025504	0.755508807807808	4.09158854278352
465H_RH	734.453453453453	4.90086288565551	0.97825542042042	46.0132658322823
465H_RT	343.893893893894	3.64028492562668	0.905345098138138	10.5720411452834
466H_RH	487.544544544545	3.75998553359091	0.899643436536537	9.96883311899208
466H_RT	233.570570570571	2.17268025518008	0.612684356176176	2.58245679470413
467H_RH	529.076076076076	4.18233229757781	0.945749862202202	18.4434407432576
467H_RT	199.071071071071	2.6963453632865	0.785609358398398	4.66620147225711
468H_RH	518.731731731732	4.05776428929767	0.942939744544545	17.5325981820652
468H_RT	262.614614614615	2.58844908279147	0.713478062102102	3.49124233109929
469H_RH	657.603603603604	4.61165778716456	0.966209720540541	29.6178403286745
469H_RT	265.444444444444	2.82272913655607	0.7803231403003	4.55387401395681
470H_RH	560.138138138138	4.03348666508233	0.934508215115115	15.2779392279635
470H_RT	254.543543543544	3.05962444370822	0.861517047927928	7.22439357845675
471H_RH	584.06006006006	3.70527513456507	0.84930404044044	6.63943737199404
471H_RT	198.672672672673	1.66106961034759	0.475361168868869	1.90637690176162
472H_RH	420.896896896897	3.39335520187316	0.837300687047047	6.14937981789042
472H_RT	166.085085085085	2.14047460364141	0.621532303663664	2.64283779906828
473H_RH	403.402402402402	3.11453908153777	0.77764485025025	4.49924675468823
473H_RT	140.575575575576	1.65088879941184	0.536232635175175	2.15663667201047
474H_RH	339.4994994995	2.32530721073562	0.605092232892893	2.53280863148233
474H_RT	117.618618618619	1.19601735239419	0.361725048088088	1.5668641646754
475H_RH	595.581581581582	4.39894927850859	0.962382908448448	26.6004878489665
475H_RT	201.665665665666	2.89433718103356	0.861960634294294	7.24670537047378
476H_RH	531.624624624625	3.42591228135717	0.864703664464464	7.39450419196274
476H_RT	235.605605605606	2.93277021804351	0.783796695055055	4.62705324373121
477H_RH	583.13013013013	4.30274431808365	0.960479607107107	25.3169139968468
477H_RT	236.483483483483	2.57482920994718	0.76720182002002	4.29681344485601
478H_RH	474.880880880881	4.07204505574419	0.951954698138138	20.8253745134695
478H_RT	195.713713713714	3.0204582030508	0.866930766166166	7.51776744572964
479H_RH	495.09009009009	4.35623566978132	0.967645208588589	30.9213519045075
479H_RT	176.597597597598	2.45997252858268	0.719630945385385	3.56782209144036
480H_RH	461.74974974975	4.0002619724849	0.939471191131131	16.5305014800894
480H_RT	168.006006006006	2.44292753974309	0.726309866666667	3.65487866774335
505H_BKr	694.896896896897	4.99323429275701	0.983699587387387	61.3764205494982
505H_BKr2	498.183183183183	4.7012008671786	0.981398036136136	53.774608561241
506H_BKr	620.966966966967	4.71534878719523	0.975634573573574	41.0603686901866
506H_BKr2	478.18018018018	4.66606564235689	0.979731221721722	49.3547542965994
507H_BKr	716.413413413413	5.06879237777366	0.984740315155155	65.5650639831265
507H_BKr2	531.971971971972	4.71326494978069	0.980627378538539	51.6382021361528
508H_BKr	672.012012012012	4.89327553059189	0.974901892432432	39.8762869826287
508H_BKr2	503.527527527528	4.82874769796003	0.981051099399399	52.8047810460155
509H_BKr	634.973973973974	4.82476583962129	0.977130188648649	43.7508286048107
509H_BKr2	474.231231231231	4.59211117131292	0.977924209269269	45.3127992401583
510H_BKr	630.306306306306	4.83947661903396	0.979130122642643	47.9387514508546
510H_BKr2	485.265265265265	4.61154195351393	0.972203612072072	35.9992349836086
511H_BKr	646.193193193193	4.77944067924207	0.976167058418418	41.9820124791959
511H_BKr2	484.11011011011	4.60834426757633	0.977186658878879	43.8526669304913
512H_BKr	762.324324324324	5.23293795683736	0.988291938938939	85.4432511344598
512H_BKr2	458.172172172172	4.19580208193628	0.946528935155155	18.7177170906336
513H_BKr	685.446446446446	5.01668976972269	0.985042809269269	66.8837828760385
513H_BKr2	520.785785785786	4.67920193926382	0.978940361001001	47.5030907133659
514H_BKr	738.352352352352	5.17926865340786	0.986650297617618	74.9472469867259
514H_BKr2	553.385385385385	4.78551601245184	0.98174418038038	54.797633316565
515H_BKr	717.494494494494	5.15718863645775	0.987545916636637	80.3245400153862
515H_BKr2	523.187187187187	4.42686124345283	0.954017164464464	21.7645995549161
516H_BKr	696.302302302302	5.0514538002636	0.984474613673674	64.4432965812261
516H_BKr2	567.766766766767	4.84290575955673	0.981046193713714	52.7916412283306
517H_BKr	744.434434434434	5.08026775309266	0.98509655975976	67.1249454803801
517H_BKr2	574.519519519519	4.83463927388516	0.982824889389389	58.2473416892377
518H_BKr	751.033033033033	5.27266003018602	0.989318578158158	93.6524311204987
518H_BKr2	567.354354354354	4.99852334677607	0.986563536836837	74.4529610086822
519H_BKr	640.04004004004	4.81151198503152	0.98070203055055	51.8420950511267
519H_BKr2	508.575575575576	4.55959161294447	0.970847191591592	34.3226105922544
520H_BKr	751.395395395395	5.14016213469554	0.985739941061061	70.1594342003871
520H_BKr2	575.258258258258	4.86083027420927	0.981282568208208	53.4524270130579
521H_BKr	781.077077077077	5.20551454928136	0.986774794234234	75.643925302526
521H_BKr2	587.697697697698	4.89924032729772	0.983124705645646	59.2783812687994
522H_BKr	649.294294294294	4.70075688082729	0.976129748688689	41.9131728877738
522H_BKr2	555.334334334334	4.6509473064744	0.976720375875876	42.97467136406
523H_BKr	683.097097097097	5.14520572690974	0.984248254874875	63.5274639611595
523H_BKr2	414.09009009009	3.97793107152554	0.93509224968969	15.4146465681045
524H_BKr	500.419419419419	4.35553571871273	0.959295778278278	24.5827501254765
524H_BKr2	411.291291291291	4.31299824238631	0.967539490930931	30.8210292690473
525H_BKr	641.922922922923	4.75977315853372	0.968384551971972	31.6608187953488
525H_BKr2	495.720720720721	4.58686494727502	0.974063397137137	38.5708222021588
526H_BKr	691.981981981982	5.15141121886635	0.986986974914915	76.8794793510055
526H_BKr2	545.328328328328	4.75348634371181	0.975888097917918	41.4944692307273
527H_BKr	741.389389389389	5.22209220455796	0.986232914214214	72.6772822116441
527H_BKr2	525.680680680681	4.74407995348558	0.974892864084084	39.8526313600131
528H_BKr	766.665665665666	5.39638654359109	0.989823798378378	98.324165799279
528H_BKr2	550.234234234234	4.80904914088146	0.975329775335335	40.5670217237824
529H	698.946946946947	4.92641086374768	0.979633440780781	49.1277488340723
530H	579.595595595596	4.60853612742758	0.977087023843844	43.6578457151196
531H	781.926926926927	5.1361355207623	0.98524097043043	67.7848153052547
532H	764.765765765766	5.09927342832518	0.984682381661662	65.3130318624264
533H	797.88988988989	5.21848887489776	0.984632147947948	65.1180288947408
534H	763.42042042042	5.01614663604516	0.982086123543544	55.8576228103062
535H	639.982982982983	4.61132942077025	0.969930264324324	33.2757429536668
536H	623.503503503503	4.55549439852731	0.970893444324324	34.372489503322
537H	813.16016016016	5.39452134939697	0.988931728188188	90.4034511750208
538H	748.278278278278	5.2029798382013	0.986621292932933	74.7833511442147
539H	695.447447447447	5.14072159764792	0.984675223083083	65.289134027355
540H	620.104104104104	4.70977159539424	0.972233814634635	36.035537125383
541H	637.55955955956	4.62355115022862	0.960904794834835	25.6015297328283
542H	714.169169169169	4.94592989989477	0.980813222122122	52.1510102481759
543H	692.032032032032	4.91050368176117	0.982153282442442	56.0583236758603
544H	705.198198198198	4.9344145055479	0.98216353029029	56.0908264932931
545H	667.278278278278	4.8925389374433	0.981214745865866	53.261471363002
546H	623.733733733734	4.79485304127468	0.979594196716717	49.0319840350284
553H	562.384384384384	4.76234893554206	0.982823254734735	58.2365633915864
554H	706.611611611612	5.013752053958	0.985467758738739	68.838641672204
555H	622.710710710711	4.621331506804	0.973435660740741	37.6621588440866
556H	653.797797797798	4.82578901517596	0.980661952992993	51.7344440782993
557H	551.428428428428	4.27845573002882	0.952205007047047	20.9334629614943
558H	609.151151151151	4.61755571899566	0.972881717337337	36.8940234467645
559H	674.356356356356	4.56105433364342	0.965179159239239	28.7343285311826
560H	786.80980980981	5.13583779398647	0.98546384028028	68.8257536482285
561H	781.089089089089	5.10765868383288	0.985456184984985	68.7883353989682
562H	755.687687687688	5.02088947670939	0.982801068828829	58.1736391906969
563H	654.045045045045	4.65624373426142	0.970334738098098	33.7332580634479
564H	654.864864864865	4.42136838947533	0.933614083223223	15.0775216910517
565H	634.178178178178	4.81403600189535	0.981980042482482	55.5157379325888
566H	689.831831831832	4.82498030667222	0.976122432952953	41.9088714788437
567H	733.226226226226	4.98459301690087	0.981771354654655	54.8932691669213
568H	749.777777777778	5.10675179503135	0.984651588648649	65.1980586102567
569H	811.336336336336	5.23444071537731	0.98707637041041	77.4210068900224
570H	754.067067067067	5.10690537945101	0.986004983223223	71.4818696431454
577H	623.848848848849	4.57922288518347	0.960273871311311	25.1943069333162
578H	573.502502502502	3.84646137848621	0.903663257157157	10.385567583992
579H	724.481481481482	5.09301546496413	0.985521525885886	69.1003733676262
580H	686.495495495495	5.02454914347075	0.986132744084084	72.1382745582621
581H	726.395395395395	4.98575144872931	0.982845777777778	58.326473391946
582H	761.096096096096	5.00042745464914	0.983286346246246	59.8570891924581
583H	545.557557557558	4.32580304317714	0.965235461361361	28.7787221819572
584H	771.435435435435	5.19282820291694	0.986525735095095	74.2594148705404
585H	715.577577577578	4.94300442798377	0.981592613533534	54.3567565216103
586H	597.478478478478	4.16429087912164	0.932274997097097	14.7753783796073
587H	637.251251251251	4.44407841104451	0.939047335095095	16.420936157545
588H	711.128128128128	5.01029526171175	0.984769046006006	65.6776831599378
BK_481H	652.188188188188	4.90159383025295	0.98183561955956	55.0808958494814
BK_481H2	631.798798798799	4.53020050261001	0.957939409249249	23.7946856829466
BK_482H	569.678678678679	4.45725043408271	0.9652603804004	28.8045163004093
BK_482H2	613.447447447447	4.62998170148203	0.971694481001001	35.3473719878761
BK_483H	666.442442442442	4.95157300006119	0.982956798458459	58.7029150398422
BK_483H2	690.931931931932	4.93860000134707	0.983398541801802	60.2586003398653
BK_484H	606.856856856857	4.92120549009648	0.983361680780781	60.1292187213966
BK_484H2	633.910910910911	5.03086948183353	0.986259362062062	72.8047691160465
BK_485H	628.436436436436	4.93646326239831	0.982557046286286	57.3573944608633
BK_485H2	574.665665665666	4.53973137773102	0.970594268128128	34.0241939921177
BK_486H	561.62962962963	4.56544947845331	0.971715313333333	35.3714565703694
BK_486H2	615.046046046046	4.76669495159784	0.980025539039039	50.0814177771322
BK_487H	611.970970970971	4.87891965600515	0.981489263063063	54.044568229394
BK_487H2	698.167167167167	5.09421841992486	0.986794096576577	75.7489043222628
BK_488H	650.09009009009	4.76853380410801	0.973248872652653	37.4132889200669
BK_488H2	724.182182182182	4.90236423442396	0.977380157757758	44.2398087862821
BK_489H	560.26026026026	4.41911410495574	0.963854544964965	27.681479579715
BK_489H2	590.796796796797	4.57794547125489	0.972042156196196	35.7875992415125
BK_490H	617.988988988989	4.47992496438084	0.954847053773774	22.1647634093889
BK_490H2	659.671671671672	4.72449688582539	0.965619966126126	29.1170052229023
BK_491H	458.67967967968	3.3031953473054	0.857215947847848	7.00561930738486
BK_491H2	565.153153153153	4.53868822251076	0.973335352132132	37.5173486345966
BK_492H	641.057057057057	4.89631318858318	0.983877008888889	62.0452354906604
BK_492H2	722.078078078078	5.0962010504417	0.986263932832833	72.8327987201644
BK_493H	619.618618618619	4.41592219077196	0.962106605205205	26.406199104658
BK_493H2	723.044044044044	4.95144708674152	0.979054507087087	47.7810581374246
BK_494H	620.475475475475	4.62800720640715	0.966376558578579	29.7691644660893
BK_494H2	651.126126126126	4.21452312667588	0.925171581461462	13.3715519176011
BK_495H	572.817817817818	4.55711809268985	0.973389276936937	37.5951762435198
BK_495H2	674.671671671672	4.59074820624613	0.970855555995996	34.3270566011557
BK_496H	679.75975975976	4.82864218061089	0.977743063763764	44.9532977962449
BK_496H2	678.307307307307	4.89307013723311	0.982991216596597	58.81203857858
BK_497H	601.298298298298	4.6418943267828	0.978642664204204	46.8354106642412
BK_497H2	734.566566566567	4.99705388354459	0.983014074054054	58.8959345710959
BK_498H	668.515515515516	4.86539898633205	0.980063256616617	50.1841112250338
BK_498H2	728.511511511511	4.97847583180718	0.981748411931932	54.8155135861583
BK_499H	621.093093093093	5.03996763052126	0.981051898838839	52.8242579908762
BK_499H2	589.13013013013	4.80796586066128	0.975246025985986	40.4308356807157
BK_500H	609.811811811812	5.15383827983653	0.986516755415415	74.2050301934519
BK_500H2	582.491491491492	4.70960120449795	0.975689516216216	41.1546745713302
BK_501H	592.632632632633	4.59794632030764	0.952346229249249	21.0033261447307
BK_501H2	681.145145145145	5.10898674123474	0.980211766006006	50.5831795744664
BK_502H	680.109109109109	5.04723464871676	0.983713075235235	61.4298920059017
BK_502H2	533.085085085085	3.78717446485551	0.909409258618619	11.0447775857571
BK_503H	453.690690690691	3.02872824295116	0.755119436276276	4.08522215466575
BK_503H2	718.55055055055	5.15074360087506	0.987556727527528	80.3940087888862
BK_504H	593.724724724725	4.50763273019894	0.959568001541542	24.7472142549042
BK_504H2	687.104104104104	5.01772272805527	0.982058884324324	55.7672624902594
RH_100H	778.282282282282	5.1455893993017	0.98582259005005	70.5759152929244
RH_101H	754.584584584585	5.19761325429985	0.986612251251251	74.7372298071559
RH_102H	671.356356356356	4.69098248827952	0.96584973035035	29.3029460671229
RH_103H	671.688688688689	5.11692276650215	0.986858195235235	76.1226931686844
RH_104H	697.540540540541	4.92952830676729	0.975553447347347	40.9421216058163
RH_105H	697.711711711712	5.15461989269803	0.986682770970971	75.1287733798086
RH_106H	747.349349349349	5.25471207519549	0.988528251531532	87.2098386393588
RH_107H	739.830830830831	5.00155702435793	0.981078176476476	52.883089662454
RH_108H	785.93993993994	5.32243828828718	0.989317914934935	93.6580256949066
RH_109H	712.106106106106	5.12427911150533	0.986077871531531	71.858618635328
RH_10H	628.894894894895	4.31439887483793	0.950083052152152	20.0440742130911
RH_110H	674.257257257257	5.15643354245008	0.987620741601602	80.8155513720299
RH_111H	662.763763763764	5.05363277135045	0.98656453047047	74.4583441660727
RH_112H	641.890890890891	4.87939198190345	0.982391814454454	56.8166993929696
RH_113H	786.51051051051	5.11241833331632	0.984183612872873	63.255461409687
RH_114H	719.496496496497	5.00627559875639	0.982901818218218	58.5171629438615
RH_115H	580.127127127127	4.59676462552347	0.963535182922923	27.4482163111601
RH_116H	637.875875875876	4.97449840146887	0.985219837457457	67.6831103320607
RH_117H	565.364364364364	4.48196192018756	0.956208323363363	22.853178809987
RH_118H	670.87987987988	4.82542614195847	0.972293041121121	36.1265787452176
RH_119H	546.56956956957	4.40677735263472	0.96928197015015	32.5686452178126
RH_11H	633.426426426426	4.69904726427026	0.978066792892893	45.6099382320958
RH_120H	574.279279279279	4.66845910316302	0.971245574614615	34.8070738463991
RH_121H	699.16016016016	5.00007543303058	0.983290195155155	59.8813367457154
RH_122H	646.551551551552	4.55130234375835	0.962953145905906	27.0124288038808
RH_123H	642.574574574575	4.67343955348788	0.967110841961962	30.4324276938429
RH_124H	665.985985985986	4.66786675850374	0.970848392232232	34.3263757700723
RH_125H	649.828828828829	4.18584906319232	0.9247855	13.3047518663035
RH_126H	672.131131131131	4.73800292671414	0.977745201861862	44.9508184775298
RH_127H	656.941941941942	4.79836184705754	0.979574993373373	48.9787665659144
RH_128H	667.344344344344	4.89998089395066	0.981935700780781	55.3825748718512
RH_129H	588.222222222222	4.46801208792436	0.960272323503504	25.1884049317255
RH_12H	581.264264264264	4.16252154938685	0.956884031451451	23.2013338662087
RH_130H	698.535535535536	5.02387296252823	0.983757726446446	61.6000901253697
RH_131H	684.451451451451	4.80382196468238	0.977255632592593	43.9919366194372
RH_132H	708.895895895896	4.82472323319044	0.975433183923924	40.7304609840042
RH_133H	563.043043043043	4.20234438057738	0.944132564464464	17.9105670599075
RH_134H	709.286286286286	5.14441613639052	0.985561515315315	69.2979986240481
RH_135H	683.830830830831	5.0309029456304	0.98481434996997	65.8812231257589
RH_136H	748.429429429429	5.06966908746664	0.98255225013013	57.3513900585627
RH_137H	763.259259259259	5.09657024437364	0.982715171751752	57.8992722269387
RH_138H	744.316316316316	5.12619314512983	0.984721253693694	65.4887017149945
RH_139H	685.977977977978	5.04277829532821	0.984234696296296	63.459370975565
RH_13H	586.618618618619	4.42250345141148	0.964984482162162	28.5706731019076
RH_140H	583.149149149149	4.4381565734465	0.960755481641642	25.4954916508794
RH_141H	629.575575575576	4.92128224752506	0.980797526326326	52.1149500968426
RH_142H	799.602602602603	5.34915580311879	0.988721338418418	88.7114110214188
RH_143H	764.854854854855	5.18871706277127	0.9865888204004	74.5998652720933
RH_144H	781.125125125125	5.17275981674301	0.9853059203003	68.0917851237531
RH_145H	581.149149149149	4.72637811718759	0.976564752492493	42.6946665379507
RH_146H	463.736736736737	3.75319344071439	0.888958867467467	9.01156937886564
RH_147H	581.052052052052	4.70081103668731	0.975384982642643	40.6508850944757
RH_148H	280.32032032032	2.82075811067498	0.855287592932933	6.9118737772563
RH_149H	174.596596596597	1.29601673156175	0.425110219399399	1.73964977845627
RH_14H	560.095095095095	4.24893787990546	0.950900839339339	20.3774202075324
RH_150H	695.525525525525	4.93210241796685	0.981753456476476	54.8314763958742
RH_151H	672.376376376376	4.75883100204604	0.970371721281281	33.7765860679781
RH_152H	664.457457457458	4.76775748025429	0.962762961261261	26.8821489555198
RH_153H	691.341341341341	4.90762088464377	0.972402915215215	36.2713022825793
RH_154H	746.063063063063	5.16800896524957	0.986854798518519	76.1029055126691
RH_155H	739.996996996997	4.79343275756984	0.968620420680681	31.8914715253585
RH_156H	662.303303303303	4.72077585173624	0.977068403423423	43.625455853527
RH_157H	686.18018018018	4.94442003617461	0.976936483743744	43.390687408477
RH_158H	668.908908908909	4.89485961065492	0.976429851851852	42.4582483139797
RH_159H	651.684684684685	4.74878531364005	0.969815720760761	33.156089217313
RH_15H	689.676676676677	4.94094841858446	0.976353499399399	42.3204645292716
RH_160H	778.90990990991	5.12147390068252	0.984450049229229	64.3419147350349
RH_161H	641.965965965966	4.6655247537104	0.97148190038038	35.0867961036214
RH_162H	703.802802802803	4.62944564006458	0.944202502202202	17.9398331675247
RH_163H	675.09009009009	4.90132599684613	0.973931764084084	38.3923109092967
RH_164H	708.633633633634	4.95389828935284	0.978666284524525	46.9081976870447
RH_165H	649.620620620621	4.39525724924338	0.921846259119119	12.8064070556339
RH_166H	752.043043043043	4.98894681387228	0.978322048528529	46.1612835836697
RH_167H	729.155155155155	4.80094744567591	0.961717841601602	26.1476915993039
RH_168H	811.947947947948	5.10694471902373	0.982719555435435	57.9037148134144
RH_169H	657.935935935936	4.30077716291096	0.919782633093093	12.4761606767825
RH_16H	715.334334334334	4.9950492993197	0.977856824684685	45.2057034081134
RH_170H	668.537537537538	4.47442415080056	0.953592546286286	21.5629237797283
RH_171H	513.153153153153	3.39455464821491	0.817486172232232	5.48148498763756
RH_172H	676.537537537538	4.2392820684079	0.917238749349349	12.0914271499101
RH_173H	717.364364364364	4.52906767124657	0.934385997437437	15.2541033064245
RH_174H	740.026026026026	4.98046589253768	0.977807927807808	45.0982535715457
RH_175H	587.193193193193	4.81399224753879	0.981310872852853	53.5318693408608
RH_176H	631.558558558559	4.66576795139402	0.975509230990991	40.850136765208
RH_177H	654.563563563564	4.7818086561832	0.977499036196196	44.4653427186292
RH_178H	689.764764764765	4.81529183839807	0.976430700520521	42.4543463452643
RH_179H	685.279279279279	4.97698144404235	0.983340823303303	60.0548836221055
RH_17H	703.668668668669	4.35457454108644	0.940169498298298	16.7251523670252
RH_180H	738.058058058058	5.08171890462353	0.985306456156156	68.0911453558883
RH_181H	709.684684684685	5.00483121267457	0.978751480720721	47.1014006311477
RH_182H	460.524524524525	3.32189144971034	0.864040856636637	7.3575647659449
RH_183H	709.333333333333	5.04065433990491	0.984649914174174	65.1745727157289
RH_184H	624.434434434434	3.85796827680006	0.853613844424424	6.83515804411628
RH_185H	830.086086086086	5.20467231481479	0.984957134074074	66.5198649852547
RH_186H	801.597597597598	5.12787860917241	0.984196664944945	63.3128514929744
RH_187H	682.945945945946	5.02408088447608	0.985570140700701	69.3278911338661
RH_188H	728.44044044044	4.92038782131975	0.976789498318318	43.1147653678831
RH_189H	753.77977977978	5.084367221112	0.984596519099099	64.9506209906721
RH_18H	767.29029029029	5.1276709329642	0.984158169029029	63.1601585370649
RH_190H	778.308308308308	5.00144109040192	0.980897375195195	52.3777722758675
RH_191H	743.767767767768	5.01876412471955	0.98052179975976	51.3879566665121
RH_192H	762.975975975976	5.1449656703357	0.98636372960961	73.365537461545
RH_193H	766.08008008008	5.2160674345829	0.986501795575576	74.1234919560156
RH_194H	772.078078078078	5.14457420592891	0.984812302022022	65.8838930240913
RH_195H	666.797797797798	4.73056721220858	0.97687806012012	43.2707766343675
RH_196H	790.542542542542	5.1229801848219	0.984629153573574	65.0927121854638
RH_197H	734.139139139139	4.95175737199356	0.983633177157157	61.1227220500731
RH_198H	769.944944944945	5.03240615370446	0.981540002362362	54.206492782576
RH_199H	751.828828828829	4.96660056042962	0.981579112052052	54.3117716668089
RH_19H	492.642642642643	3.50871260602252	0.872209527447447	7.82852246304813
RH_1H	552.169169169169	4.0871676198325	0.92366530048048	13.1081753871477
RH_200H	434.123123123123	3.24257674949733	0.884560568068068	8.66498950281077
RH_201H	593.961961961962	4.61735466038309	0.975996818238238	41.6765275056141
RH_202H	639.147147147147	4.29084832317014	0.950742075795796	20.3123640469438
RH_203H	789.34034034034	4.79576237571073	0.967044634314314	30.3692463706192
RH_204H	857.561561561562	5.39674488051027	0.98960145019019	96.2130019470594
RH_205H	610.056056056056	4.31929347223344	0.939587482062062	16.5655292110518
RH_206H	588.554554554555	4.55570599535423	0.973265408688689	37.4194693097458
RH_207H	697.514514514515	4.87712016889811	0.979925143963964	49.8387442966928
RH_208H	707.036036036036	5.04120735656309	0.98333471041041	60.0406699903727
RH_209H	717.67967967968	4.96646489960274	0.981356701141141	53.6705370210423
RH_20H	621.126126126126	4.20822628668422	0.940927024104104	16.9362074933161
RH_210H	375.486486486487	3.14072098492026	0.888940057477478	9.00632471774475
RH_211H	680.458458458458	5.00834555618562	0.984113785625626	62.9774220458659
RH_212H	649.021021021021	4.82049653823095	0.980042908448448	50.1263770745777
RH_213H	698.501501501501	4.66703764076265	0.971054755435435	34.5669370205028
RH_214H	722.910910910911	5.15824518202401	0.986738802942943	75.4396171041091
RH_215H	694.973973973974	4.75909659733944	0.975682443943944	41.1400405537479
RH_216H	737.197197197197	5.01092334294398	0.982226269029029	56.2918376312045
RH_217H	679.38038038038	4.52675816303698	0.962451409329329	26.6487216989716
RH_218H	688.471471471471	4.60175170280814	0.963285587227227	27.25499016426
RH_219H	665.98998998999	4.56004627903985	0.966665183243243	30.0193447645271
RH_21H	626.217217217217	4.84499560646375	0.979337012332332	48.4170851976057
RH_220H	650.926926926927	4.13734099897799	0.903439432812813	10.363730338148
RH_221H	685.51051051051	4.73217305579651	0.973469478898899	37.7141368907035
RH_222H	779.026026026026	5.02665421888434	0.983285179199199	59.8510615615285
RH_223H	757.042042042042	4.96429987013291	0.98064792994995	51.6977592362562
RH_224H	673.892892892893	4.64454229056296	0.970062662522522	33.4212663169107
RH_225H	749.634634634635	5.02107381823336	0.982970514634635	58.7473597087818
RH_226H	733.933933933934	4.90759026475107	0.978858781521522	47.3301442934364
RH_227H	847.486486486486	5.21552650867609	0.984843519239239	66.0140921791987
RH_228H	595.610610610611	4.38442932456391	0.960993213293293	25.6493671598698
RH_229H	685.656656656657	4.92719429243453	0.98053003045045	51.3905282854542
RH_22H	679.408408408408	4.21263918484144	0.915289203463463	11.8144036926218
RH_230H	592.129129129129	4.3189560999999	0.94667181995996	18.7659517251308
RH_231H	673.833833833834	4.84197565532051	0.980171521301301	50.4556673190746
RH_232H	735.91991991992	4.93067961322623	0.975584600760761	40.9899762203912
RH_233H	625.416416416416	4.52787135511134	0.962585251271271	26.7486733394839
RH_234H	649.517517517517	4.87358351019118	0.98333960964965	60.0424995854138
RH_235H	595.758758758759	4.73513554127462	0.980583416736737	51.5197589896068
RH_236H	582.474474474475	4.61985388821766	0.974728755735736	39.5890897913818
RH_237H	598.208208208208	4.53827731675845	0.973078507687688	37.1586755976535
RH_238H	516.957957957958	4.31257350750371	0.962329978298298	26.5610962082367
RH_239H	614.39039039039	4.54081801235066	0.97218499957958	35.9666021087728
RH_23H	436.577577577578	3.34263820422999	0.901958834214214	10.202606920731
RH_240H	659.742742742743	4.697189454774	0.973201932572573	37.3379850465408
RH_24H	657.327327327327	4.46472409092546	0.962670379079079	26.8027845910884
RH_25H	514.28028028028	3.77111517304883	0.906792941301301	10.7338072010632
RH_26H	536.222222222222	4.1985632429442	0.94046902972973	16.8078332126659
RH_27H	562.382382382382	4.25899180559817	0.954185561421421	21.8368977996637
RH_28H	357.554554554555	3.05038064365352	0.883259266886887	8.56762649235214
RH_29H	642.107107107107	4.69450808417434	0.976015581001001	41.7122739898614
RH_2H	540.956956956957	3.94407004118988	0.924417981001001	13.2388583409047
RH_30H	567.951951951952	3.80276633735256	0.888842870610611	9.00180407552231
RH_31H	489.314314314314	3.87423483981438	0.947101795495495	18.9095658604046
RH_32H	623.317317317317	4.74787181712455	0.976017416776777	41.7155126633121
RH_33H	619.76976976977	4.43338737434827	0.954233823903904	21.8650434959325
RH_34H	755.541541541542	4.91196857492592	0.979473704244244	48.741890145812
RH_35H	638.09009009009	4.34318065504176	0.940704561161161	16.8778168168779
RH_36H	598.349349349349	3.87598016612807	0.887515127767768	8.89591103284676
RH_37H	439.683683683684	3.54816724007297	0.91750480026026	12.1251788070632
RH_38H	608.02002002002	4.62787266886878	0.967295244704705	30.593372736166
RH_39H	603.075075075075	4.85883218216695	0.976910614454454	43.3358277108058
RH_3H	619.172172172172	4.83008779770057	0.98028775993994	50.751609060557
RH_40H	703.773773773774	4.77996252965861	0.972059666086086	35.8143019449054
RH_41H	679.172172172172	4.78921677347013	0.979061021441441	47.7765632749656
RH_42H	772.421421421421	5.14041533477914	0.986615379379379	74.7391416435052
RH_43H	601.03003003003	3.96575736368142	0.869615919179179	7.67440871775522
RH_44H	612.600600600601	4.20027999197243	0.90754265017017	10.8235383603768
RH_45H	609.680680680681	4.46205419210738	0.966164875835836	29.5676761453096
RH_46H	679.023023023023	4.81794471179443	0.976289712112112	42.2059136090898
RH_47H	831.956956956957	5.20017331106954	0.984813469069069	65.8843066290676
RH_48H	776.472472472472	5.09454773827805	0.984122062762763	63.0091757917063
RH_49H	465.56956956957	2.83283673236051	0.675051815175175	3.07833949972781
RH_4H	527.173173173173	4.03071263711822	0.946302637357357	18.6311740996889
RH_50H	628.61961961962	4.86955402172077	0.968017051511512	31.2970348336828
RH_51H	559.354354354354	4.64930162080543	0.972220271331331	36.0222138554354
RH_52H	506.185185185185	3.69023468189832	0.917642718238238	12.1476249759803
RH_53H	583.521521521522	4.10013482771496	0.93242531971972	14.8083301701725
RH_54H	176.814814814815	1.04279721980076	0.345394071151151	1.52777457398554
RH_55H	470.676676676677	4.10303998783907	0.95642536014014	22.956310793585
RH_56H	599.765765765766	4.78487377085852	0.973533561461461	37.8092110738515
RH_57H	558.197197197197	4.63912622539752	0.970949974934935	34.4415917030626
RH_58H	661.770770770771	4.40893114602205	0.959622191531531	24.7772709700332
RH_59H	695.804804804805	4.6183800219475	0.955272363003003	22.3781856627694
RH_5H	584.91991991992	4.11788100383329	0.933412975495496	15.0287687068924
RH_60H	571.052052052052	4.38366819828391	0.95996857043043	24.9971268077608
RH_61H	600.095095095095	4.39487217901571	0.942773212052052	17.4892799156543
RH_62H	622.696696696697	4.53909116138262	0.963366526046046	27.3141279752926
RH_63H	619.985985985986	4.8689882408113	0.973663174994995	37.9989034306318
RH_64H	640.53953953954	4.70193059690404	0.971121693913914	34.6481697733231
RH_65H	652.701701701702	4.65331199502033	0.968078678698699	31.3458365992809
RH_66H	656.627627627628	4.53041919142021	0.953217946766767	21.3945749450841
RH_67H	625.744744744745	4.74864416271831	0.974514244704705	39.2639966547999
RH_68H	521.917917917918	3.75443865393939	0.88842837971972	8.96777800439411
RH_69H	688.936936936937	5.04129582346663	0.981883128108108	55.2361433537264
RH_6H	654.831831831832	4.80971951706252	0.976718638878879	42.9774891594899
RH_70H	721.514514514515	5.0021006187149	0.979865321361361	49.6992639389404
RH_71H	698.820820820821	4.91568247618236	0.974041125245245	38.5574008230796
RH_72H	673.198198198198	4.87113078775701	0.980273028408408	50.7176753156869
RH_73H	650.914914914915	4.59360286504066	0.956174715015015	22.8347023210947
RH_74H	647.685685685686	4.7160475232757	0.966231857377377	29.6367073571105
RH_75H	667.952952952953	4.85901583409456	0.975089204004004	40.1741766713043
RH_76H	739.493493493493	4.94911636780454	0.976730635655656	43.0047986096417
RH_77H	689.423423423423	4.79388060175416	0.975794185285285	41.3350969489486
RH_78H	669.750750750751	4.69368344177689	0.970387028288288	33.7909912132065
RH_79H	625.503503503503	5.09135739368091	0.98571268982983	70.0318080695513
RH_7H	689.704704704705	4.84243056015807	0.972524798998999	36.4236561336727
RH_80H	663.255255255255	4.94957729097392	0.981213986426426	53.260864133401
RH_81H	652.735735735736	4.87761091003157	0.972468893273273	36.3583366647622
RH_82H	529.685685685686	3.4069485283506	0.806225404104104	5.16289742444193
RH_83H	721.544544544545	5.11107504797525	0.986322957017017	73.1513986716491
RH_84H	656.605605605606	4.778393562333	0.978748115415415	47.0726931709702
RH_85H	566.521521521522	4.4748177473857	0.9678783794995	31.1453526688262
RH_86H	419.685685685686	3.90259118606998	0.941917788188188	17.2238754777887
RH_87H	615.657657657658	4.88669314249859	0.981465791251251	53.9829523512965
RH_88H	690.802802802803	4.83180219408976	0.973188934014014	37.3239139761392
RH_89H	606.565565565566	4.60814849466742	0.970282207927928	33.6746642260286
RH_8H	622.715715715716	4.53489153141229	0.965680284584585	29.15239070683
RH_90H	548.117117117117	4.18247555044786	0.952127702682683	20.9000834024103
RH_91H	625.3003003003	4.78725338863359	0.975155751491491	40.2780725427317
RH_92H	637.994994994995	4.99783889031113	0.982904035135135	58.528483677821
RH_93H	662.535535535536	4.99202894961628	0.983315705185185	59.9758245632223
RH_94H	741.661661661662	5.0513072242401	0.984113233853854	62.9803183106714
RH_95H	738.93993993994	5.03689952778856	0.981747236436436	54.8241641054798
RH_96H	710.426426426426	4.73380181471493	0.974448218018018	39.1545443551226
RH_97H	707.095095095095	4.88992065817994	0.969237572392392	32.5403489374492
RH_98H	705.782782782783	4.97194642072966	0.981935392492493	55.3837830323408
RH_99H	696.592592592593	4.92501266716927	0.974705734214214	39.5696810847692
RH_9H	602.213213213213	4.57590935228809	0.960093969229229	25.079000127054
RT_100H	451.38038038038	4.31649245901746	0.960940498978979	25.6236215308914
RT_101H	332.854854854855	3.91323996777219	0.95386402966967	21.683377484066
RT_102H	326.868868868869	3.82048206218188	0.950154981501501	20.068429931498
RT_103H	305.467467467467	3.85339279755236	0.951013038878879	20.421506977055
RT_104H	289.022022022022	3.33749021976528	0.907960602862863	10.8687253009651
RT_105H	417.416416416416	4.41921048299025	0.974084825005005	38.5997282008723
RT_106H	370.812812812813	4.26446489084173	0.974828993973974	39.7361952141912
RT_107H	429.08008008008	4.43889294298636	0.971587065805806	35.2171069059071
RT_108H	434.135135135135	4.19279473144188	0.942952639299299	17.5423070098586
RT_109H	311.288288288288	3.61325483505768	0.905250831451451	10.559878713083
RT_10H	185.694694694695	3.21272161897959	0.920022437757758	12.507771945223
RT_110H	262.369369369369	3.42317391718655	0.915558578158158	11.8473060821452
RT_111H	407.099099099099	4.29160335381997	0.956594420520521	23.0513089758549
RT_112H	294.223223223223	3.09074928023687	0.852081397637638	6.76297282003316
RT_113H	430.625625625626	4.28510309023112	0.960258809429429	25.1794701793006
RT_114H	317.931931931932	3.75237364122211	0.922985245725726	12.9915851597296
RT_115H	317.466466466466	4.03669830508501	0.960152908348348	25.1059765115934
RT_116H	219.835835835836	3.40173668272754	0.921438394434434	12.7335922438387
RT_117H	179.881881881882	3.06790640904764	0.901520674254254	10.1576480138876
RT_118H	309.334334334334	3.6456379644058	0.941267989089089	17.032194527813
RT_119H	248.278278278278	3.5038332938422	0.915928013613614	11.902043722354
RT_11H	225.950950950951	2.73688261474714	0.837267422862863	6.14666589159788
RT_120H	202.324324324324	2.97283869553604	0.864879246226226	7.40313563140038
RT_121H	321.063063063063	3.6737046153519	0.942675853553554	17.4499156582485
RT_122H	295.697697697698	2.66254998324845	0.761370823543544	4.19195915264106
RT_123H	313.857857857858	3.60013653329112	0.933538347947948	15.0515587047581
RT_124H	257.403403403403	3.11155909958736	0.88767039985986	8.90556021840458
RT_125H	408.05005005005	3.36648663576621	0.852174328208208	6.76851201972793
RT_126H	333.878878878879	3.58940351706028	0.935384137037037	15.4807758665906
RT_127H	358.104104104104	3.24079403405498	0.848108242182182	6.5868574754007
RT_128H	324.123123123123	3.81266766692857	0.943698748028028	17.7691393436534
RT_129H	285.973973973974	3.48106029342523	0.922388355135135	12.890032600275
RT_12H	163.061061061061	2.38592081701784	0.829378520740741	5.86193895901356
RT_130H	349.144144144144	3.9377163076992	0.953445172992993	21.4884537543754
RT_131H	434.242242242242	4.12390613233066	0.955822774094094	22.6487525582492
RT_132H	370.778778778779	3.52016647663745	0.898346654654655	9.84160900809866
RT_133H	315.145145145145	3.80665805115238	0.949749793413413	19.9078150988171
RT_134H	449.232232232232	4.61820257261076	0.978098185705706	45.6774835544347
RT_135H	384.973973973974	3.78966167217272	0.910455844124124	11.1743058665452
RT_136H	417.490490490491	3.63283302442956	0.904181136336336	10.4415641276918
RT_137H	443	3.97897410893782	0.923241291091091	13.0369773221294
RT_138H	288.818818818819	3.68388467701663	0.9372362995996	15.9391638271933
RT_139H	304.885885885886	2.76418339279868	0.759863286886887	4.16562314455285
RT_13H	188.203203203203	2.74986791225166	0.864487792812813	7.38102835168296
RT_140H	295.121121121121	3.41970436175931	0.891170305565566	9.19245970867488
RT_141H	221.834834834835	3.29333713075121	0.900576815815816	10.0624063027415
RT_142H	416.395395395395	3.97178204466313	0.936171778878879	15.6781402986497
RT_143H	294.061061061061	3.78611411032565	0.939988861241241	16.6723013167756
RT_144H	383.372372372372	3.30343117341615	0.825709349229229	5.74019251082837
RT_145H	228.096096096096	3.55164391786879	0.933609061001001	15.0690858288747
RT_146H	200.700700700701	2.92315426967182	0.865920742202202	7.4606429913575
RT_147H	243.031031031031	3.68722693368297	0.939568317137137	16.5548445551471
RT_148H	138.695695695696	2.44765489783461	0.813281546946947	5.35724301546945
RT_149H	147.973973973974	2.97267344710117	0.895228562582583	9.54733554466442
RT_14H	164.590590590591	2.64627002204832	0.82876560008008	5.84182181265887
RT_150H	293.473473473473	3.76124278272572	0.952298928548549	20.9706845538222
RT_151H	301.692692692693	2.90091592741712	0.83848862964965	6.1932429978588
RT_152H	307.851851851852	2.644303116515	0.706448016376376	3.40766583926787
RT_153H	284.958958958959	2.38041814188994	0.644902853493494	2.8168234529376
RT_154H	298.185185185185	2.90028497499976	0.84041556044044	6.26807923006412
RT_155H	462.281281281281	3.89090757577235	0.907827493513514	10.8561095606351
RT_156H	271.246246246246	3.20564778675703	0.851540895595596	6.73916214169715
RT_157H	344.855855855856	3.30105733104413	0.910717195755756	11.2032303800575
RT_158H	313.372372372372	3.31784016073254	0.887266127247247	8.87453873710717
RT_159H	279.222222222222	2.81447122120882	0.779100293293293	4.52854920083071
RT_15H	209.761761761762	2.16569675371086	0.693538105925926	3.26385515844735
RT_160H	427.402402402402	3.65096460785924	0.926054382262262	13.5291031252653
RT_161H	306.911911911912	3.16602297890322	0.866235471191191	7.47888012909564
RT_162H	352.77977977978	3.17527045443872	0.878716941081081	8.24792173834182
RT_163H	355.244244244244	3.71729670326648	0.896872994094094	9.70313465648032
RT_164H	370.154154154154	3.23255722176063	0.838044307267267	6.17742718379358
RT_165H	337.031031031031	3.11556008626884	0.812315279399399	5.33048443548203
RT_166H	435.813813813814	4.08938035308532	0.938837478978979	16.3620601183444
RT_167H	341.142142142142	3.35429202219964	0.867286174314314	7.53903147034186
RT_168H	466.708708708709	3.923433864508	0.920045578178178	12.5150326759815
RT_169H	235.918918918919	2.07567371953804	0.55940508970971	2.27008538154549
RT_16H	291.95995995996	2.73228270507194	0.79266380952953	4.8247080276366
RT_170H	309.236236236236	2.98037909516599	0.770122764864865	4.35199494951532
RT_171H	260.079079079079	2.13540111802404	0.577815275755756	2.36913678812625
RT_172H	296.497497497497	2.34912718807505	0.624289957157157	2.66223812121852
RT_173H	247.70970970971	2.06273191890534	0.592817517677678	2.45640708560089
RT_174H	321.165165165165	3.10523430777692	0.811729602222222	5.31386285537128
RT_175H	211.079079079079	3.12872778230156	0.880122753673674	8.34543719888862
RT_176H	234.033033033033	2.8680865133831	0.798011191671672	4.9526436898947
RT_177H	269.56956956957	3.20847466771666	0.847616958838839	6.56547975632019
RT_178H	271.865865865866	3.3079155037836	0.916092806586587	11.9215865547623
RT_179H	262.309309309309	3.07590878700547	0.843158041861862	6.37850361579595
RT_17H	195.961961961962	2.11194819576926	0.669919153193193	3.03032221704812
RT_180H	325.04004004004	3.50177031256854	0.882002051631632	8.47921969345182
RT_181H	355.570570570571	3.85641036754649	0.93780745037037	16.0870610921074
RT_182H	250.634634634635	3.61721058630456	0.943132152512512	17.59057371922
RT_183H	390.476476476476	4.35010494910695	0.972169746606607	35.9475740230421
RT_184H	358.156156156156	3.22470717403714	0.79147512994995	4.79755852632534
RT_185H	387.314314314314	3.61917646725535	0.906906250670671	10.7475790328507
RT_186H	390.746746746747	4.02091260282898	0.949140470670671	19.674114374476
RT_187H	344.409409409409	3.77345099411464	0.93126726950951	14.5555472268934
RT_188H	476.966966966967	4.27237193366386	0.965701188668669	29.1658862463309
RT_189H	448.807807807808	4.53928098287877	0.978121561261261	45.7229532841615
RT_18H	235.285285285285	2.36963108333364	0.761633091551552	4.196181984872
RT_190H	467.937937937938	4.22200668528949	0.948547447747748	19.4482184146697
RT_191H	422.765765765766	4.03259601372257	0.940991550910911	16.9581073214727
RT_192H	440.36036036036	3.89946894840733	0.921895829289289	12.8121373621078
RT_193H	422.834834834835	3.22213358927895	0.780653555815816	4.56089444320477
RT_194H	340.86986986987	3.78509174713396	0.944351638918919	17.9758594986655
RT_195H	424.763763763764	4.31035154972354	0.966475691351351	29.8419836211533
RT_196H	431.095095095095	4.2800149496644	0.968374728968969	31.6322051880693
RT_197H	390.099099099099	4.11091951129981	0.952534771811812	21.0799845051397
RT_198H	526.835835835836	4.44953158441804	0.967400832972973	30.6901862917816
RT_199H	360.747747747748	4.22169792271841	0.967784358898899	31.0529602384111
RT_19H	186.263263263263	2.74488683543247	0.861530321821822	7.22339614756147
RT_1H	174.44044044044	3.15050065860664	0.912552558858859	11.4387732357782
RT_200H	262.68968968969	2.9206754537497	0.862583102002002	7.27912280196617
RT_201H	245.274274274274	2.64706329744013	0.768199292292292	4.31546294553766
RT_202H	327.291291291291	3.5436186313146	0.907588373813814	10.825356177329
RT_203H	356.346346346346	3.70244101407773	0.907634824484485	10.8334569142637
RT_204H	425.553553553554	3.78220521304974	0.917065276176176	12.063838020642
RT_205H	206.245245245245	3.07757728175941	0.872365823403403	7.83776963515944
RT_206H	253.63963963964	3.61137075652688	0.929249663763764	14.1426049380354
RT_207H	333.42042042042	3.93940252205184	0.954373202442442	21.9260294539366
RT_208H	189.114114114114	3.09015805873527	0.919283732612613	12.3913442644889
RT_209H	235.181181181181	3.28551648127152	0.894368993013013	9.47138506903123
RT_20H	133.001001001001	1.8910165024422	0.730257061781782	3.70768743418825
RT_210H	158.159159159159	3.38868797814087	0.94325109001001	17.6254526697995
RT_211H	172.67967967968	3.36853432725619	0.91408914970971	11.6455379905817
RT_212H	280.21021021021	2.912756097826	0.777483348308308	4.49587360499402
RT_213H	310.735735735736	3.34260102358316	0.887109352832833	8.86157544069287
RT_214H	346.098098098098	3.61157986694682	0.900936929129129	10.1005865681677
RT_215H	286.95995995996	2.30949092309284	0.725443571411411	3.64292795328898
RT_216H	319.582582582583	3.70264986416177	0.939588864984985	16.5589375899415
RT_217H	436.992992992993	3.92515879107791	0.916632787067067	12.0036911251278
RT_218H	265.615615615616	3.28883738447016	0.926226348808809	13.5581506640074
RT_219H	436.576576576577	3.52842826869049	0.868675436656657	7.61916522542777
RT_21H	201.323323323323	3.15473463641021	0.898588056076076	9.8642512313128
RT_220H	382.139139139139	4.01612580785826	0.955354615895896	22.407160916736
RT_221H	417.102102102102	3.7770071760036	0.929071945085085	14.1056794554151
RT_222H	506.472472472472	4.38393156454057	0.966879388028028	30.2069644266914
RT_223H	374.815815815816	3.95645116482636	0.95325743003003	21.4023928170712
RT_224H	333.202202202202	3.52215043056312	0.915177841941942	11.7933637772021
RT_225H	322.715715715716	3.85767280387924	0.947561365165165	19.0777454845142
RT_226H	432.933933933934	4.01358180694684	0.957549659239239	23.5652205849434
RT_227H	552.928928928929	4.52682923480141	0.972399575295295	36.2469928827594
RT_228H	352.505505505505	4.02632733616135	0.963494294654655	27.3993718866643
RT_229H	334.665665665666	3.78248125284943	0.949222663163163	19.6997330000342
RT_22H	183.682682682683	2.03591260968411	0.698438990490491	3.31680655053968
RT_230H	294.754754754755	4.14661103439592	0.968240029329329	31.4971560902655
RT_231H	352.576576576577	3.56225445188601	0.925744142462463	13.4720710676843
RT_232H	304.054054054054	3.39600209439935	0.91236413965966	11.4149306535578
RT_233H	361.645645645646	3.81163408912982	0.944295912972973	17.9596378800477
RT_234H	203.243243243243	2.45437729225694	0.758814611431431	4.14735192982352
RT_235H	262.285285285285	3.7504134264787	0.946891707127127	18.8370867570873
RT_236H	191.019019019019	2.52891643417255	0.798910475315315	4.97400875905182
RT_237H	208.84984984985	2.68440420044204	0.792520028628629	4.82158460303341
RT_238H	222.081081081081	3.04521913454497	0.84554965013013	6.47754311958479
RT_239H	313.983983983984	3.83232423994122	0.946310232292292	18.6330461015811
RT_23H	104.874874874875	2.29585820987527	0.840668032852853	6.27714344812024
RT_240H	290.885885885886	3.81157249165579	0.945344873393393	18.3047593339794
RT_24H	201.987987987988	2.72434715005786	0.843700341741742	6.39988183929994
RT_25H	127.61961961962	2.3080514770301	0.817957983403403	5.49414878208169
RT_26H	127.467467467467	2.18988266188685	0.729783187667668	3.70175501821727
RT_27H	154.567567567568	2.37361801598374	0.81924655981982	5.5331515404625
RT_28H	172.327327327327	2.69861153961013	0.844271424364364	6.42343251986778
RT_29H	160.105105105105	2.52128648209785	0.854420501961962	6.87020368188978
RT_2H	204.271271271271	3.02037718343815	0.897120456416416	9.7228008316878
RT_30H	186.041041041041	2.72664689310381	0.867533288128128	7.55054342853448
RT_31H	197.074074074074	3.17226915167962	0.912712054714715	11.4600513415255
RT_32H	209.857857857858	2.64215468554518	0.811275162902903	5.2999502252719
RT_33H	234.313313313313	2.65048345547456	0.752818072292292	4.04697939824286
RT_34H	335.293293293293	3.59938566375229	0.923739645785786	13.118466051562
RT_35H	323.19019019019	3.28345645568592	0.916767211051051	12.0171685164669
RT_36H	301.683683683684	3.30883893884158	0.921693011431431	12.7726479194842
RT_37H	152.262262262262	2.27218909260687	0.781171532332332	4.57098497999198
RT_38H	211.143143143143	2.90731907821904	0.855193013013013	6.90815459664914
RT_39H	268.35035035035	3.49650308505755	0.936534264584585	15.7609637391758
RT_3H	189.258258258258	2.79703042028782	0.865278851771772	7.42434810596436
RT_40H	259.208208208208	3.10284682770887	0.898630969189189	9.86725215127694
RT_41H	262.14014014014	3.51872924576401	0.934780803503503	15.3375550244017
RT_42H	292.954954954955	3.40774173603051	0.928464810550551	13.9827000445578
RT_43H	229.081081081081	3.49710008575056	0.925323584204204	13.3958755129115
RT_44H	252.94994994995	3.395672441981	0.916030458518518	11.91491519776
RT_45H	233.338338338338	2.66360106472242	0.810157328228228	5.26935220369866
RT_46H	342.123123123123	3.64971534282192	0.94598516986987	18.5173280852437
RT_47H	411.592592592593	4.10088108537151	0.951434285505505	20.6031737285173
RT_48H	426.616616616617	3.30420544932907	0.825605217997998	5.73691356793561
RT_49H	184.278278278278	2.89180785447079	0.890684920800801	9.15036503328518
RT_4H	220.800800800801	2.86974889473468	0.866925416336336	7.51639864228059
RT_50H	165.896896896897	2.58837413266668	0.847783365105105	6.57103446000051
RT_51H	167.563563563564	3.14566031448115	0.930070589289289	14.3021548251952
RT_52H	164.972972972973	2.68150198859004	0.884139808488488	8.63237844951844
RT_53H	197.324324324324	2.70685529783903	0.886812323323323	8.83627492392061
RT_54H	164.503503503504	2.46739770328313	0.840341866806807	6.26468068385986
RT_55H	113.886886886887	2.2616722534345	0.833601702482482	6.01053740523602
RT_56H	138.354354354354	1.95429652194577	0.755857242722723	4.0964472116545
RT_57H	224.448448448448	2.92301230097596	0.882714238578579	8.52836815549951
RT_58H	266.332332332332	3.00327458839009	0.868555559319319	7.61037500621592
RT_59H	228.643643643644	3.12522913852779	0.901138664304304	10.1192237501427
RT_5H	206.045045045045	3.00127307511094	0.884590714734735	8.66712359002053
RT_60H	251.123123123123	3.22663577130245	0.89538646998999	9.56289827086748
RT_61H	266.25025025025	2.51627155234507	0.717404801801802	3.53971171664149
RT_62H	218.082082082082	2.49251756848422	0.786882688288288	4.69330964803191
RT_63H	302.61961961962	2.79503268170031	0.712481048888889	3.47907302608282
RT_64H	297.601601601602	3.71183359657029	0.94512853041041	18.232849354669
RT_65H	283.434434434434	3.28215777097129	0.903436746886887	10.3597159684197
RT_66H	340.82982982983	2.98336368595578	0.798874897597598	4.97393818064307
RT_67H	392.835835835836	3.4758060861536	0.85069575965966	6.70131083833465
RT_68H	234.09009009009	2.21044375281397	0.67748581035035	3.10144758762842
RT_69H	372.620620620621	3.93752351319517	0.940927559179179	16.9394610928612
RT_6H	250.892892892893	3.2577179762523	0.91768795023023	12.1519426998198
RT_70H	342.023023023023	3.37129494674231	0.89320938034034	9.36904842172129
RT_71H	324.408408408408	2.82777686001316	0.815666496356356	5.4267956451597
RT_72H	314.34034034034	3.31783804185579	0.900797139319319	10.0843692314842
RT_73H	318.268268268268	3.32340726738643	0.897185337637638	9.73042611070917
RT_74H	364.032032032032	3.48949474749839	0.8543993995996	6.87181327024627
RT_75H	291.149149149149	2.84968343507516	0.760987126166166	4.18541957074546
RT_76H	361.983983983984	3.47639579838109	0.869420463763764	7.66252861726168
RT_77H	447.307307307307	3.85218112491822	0.908854506726727	10.9785215403868
RT_78H	440.45045045045	3.77004765751525	0.921992833333333	12.8269897114919
RT_79H	327.568568568569	3.69140685723137	0.907528926426426	10.8201256607299
RT_7H	170.467467467467	2.67022502052587	0.863915194434434	7.34983347144558
RT_80H	314.437437437437	3.77145145129836	0.924481731171171	13.2497644977634
RT_81H	213.574574574575	2.66920629451213	0.779206913133133	4.53054451259414
RT_82H	295.17017017017	3.38167869402678	0.875410066786787	8.03073892753278
RT_83H	383.723723723724	3.55962220858188	0.88524247011011	8.7191186410822
RT_84H	255.228228228228	3.32602374932295	0.929367075995996	14.1609478576846
RT_85H	170.366366366366	3.3129118506328	0.936518877137137	15.7562326405477
RT_86H	163.952952952953	3.12270089438295	0.893756673953954	9.41623856053393
RT_87H	170.830830830831	1.76148962774836	0.517877092572573	2.07450649874981
RT_88H	252.244244244244	3.22333437531763	0.923543149489489	13.0821866664698
RT_89H	174.223223223223	3.40286329967337	0.944389233153153	17.9867142486772
RT_8H	204.163163163163	3.03678333375415	0.89756627027027	9.76531817898854
RT_90H	192.304304304304	3.35384295905721	0.938909390570571	16.3730663022607
RT_91H	304.811811811812	3.96175442152955	0.95839016018018	24.0418034643886
RT_92H	221.515515515516	3.69561504849234	0.949653271691692	19.8687737445351
RT_93H	325.591591591592	4.11160780221351	0.965577106666667	29.0604620545098
RT_94H	329.53953953954	3.62977780339651	0.932643314214214	14.8521754047678
RT_95H	334.964964964965	4.02091163392256	0.959811136136136	24.8954779850613
RT_96H	337.570570570571	3.98508122160166	0.962016177437437	26.3345812401248
RT_97H	448.229229229229	4.22532892658918	0.94966293017017	19.8801948369227
RT_98H	313.626626626627	3.34513866726754	0.869333748148148	7.65723139149909
RT_99H	332.676676676677	3.93743703983529	0.946162782062062	18.5859494262499
RT_9H	247.581581581582	3.50289479723678	0.938646919279279	16.3038983607853
