Sample_ID	dry.weight.cob	dry.weight.plant	dry.weight.shoot	fresh.weight.cob	fresh.weight.shoot	stem.length	total.leaf.number
241H_RT	113.09	271.07	157.98	393.25	642.3	208	14
242H_RT	54.12	212.88	158.76	192.33	584.65	204	13
243H_RT	69.49	242.1	172.61	232.99	666	205	14
244H_RT	165.55	372.87	207.32	536.89	799.29	185	12
245H_RT	296.1	381.77	85.67	133.14	328.72	182	11
246H_RT	63.89	222.79	158.9	219.9	636.6	187	12
247H_RT	33.07	62.55	29.48	133.64	126.4	127	7
248H_RT	65.88	117.43	51.55	179.93	251.24	112	6
249H_RT	38.23	68.87	30.64	111.5	139.48	128	8
250H_RT	58.32	90.48	32.16	136.64	151.48	116	7
251H_RT	56.19	92.16	35.97	132.74	164.94	120	7
252H_RT	83.07	127.86	44.79	218.89	207.16	133	7
253H_RT	87.93	138.16	50.23	295.91	195.92	130	9
254H_RT	100.3	170.66	70.36	394.57	271.27	132	8
255H_RT	78.31	135.38	57.07	285.23	235.07	124	8
256H_RT	67.3	129.66	62.36	274.67	227.02	136	9
257H_RT	96.8	169.33	72.53	321.78	319.6	133	8
258H_RT	110.69	187.37	76.68	372.48	303.01	126	10
259H_RT	34.72	55.42	20.7	98.18	101.51	118	6
260H_RT	24.99	58.8	33.81	75.38	114.85	100	6
261H_RT	55.59	77.9	22.31	119.14	95.01	93	7
262H_RT	36.82	53.81	16.99	79.4	69.73	104	6
263H_RT	48.13	85.44	37.31	135.17	173.82	133	8
264H_RT	42.28	76.35	34.07	144.91	150.14	118	7
267H_RT	2.51	21.51	19	20.59	89	120	8
268H_RT	13.3	71.26	57.96	102.34	261.58	164	12
270H_RT	7.9	46.75	38.85	61.7	169.38	152	9
271H_RT	132.43	314.5	182.07	443	703.4	205	13
272H_RT	150.09	323.62	173.53	447	656.09	213	14
273H_RT	29.98	112.91	82.93	169.81	314.11	192	12
274H_RT	129.03	346.96	217.93	416.45	874.8	187	14
275H_RT	84.77	229.74	144.97	372.38	541.15	208	12
276H_RT	61.4	199.57	138.17	270.17	508.56	205	12
277H_RT	70.66	138.51	67.85	166.32	230.3	146	9
278H_RT	115.16	176.94	61.78	261.68	261.11	154	8
279H_RT	115.11	178.4	63.29	253.78	273.92	163	8
280H_RT	123.11	193.38	70.27	317.99	295.18	144	7
281H_RT	78.94	153.37	74.43	245.62	291.17	147	7
282H_RT	70.71	108.53	37.82	206.98	179.2	158	8
283H_RT	115.9	200.22	84.32	423.98	322.65	150	9
284H_RT	118.14	203.09	84.95	386.9	355.94	155	10
285H_RT	140.21	230.04	89.83	490.8	332.13	150	12
286H_RT	143.72	244.07	100.35	430.14	559.5	160	10
287H_RT	44.75	92.8	48.05	206.27	168.46	141	9
288H_RT	138.13	242.69	104.56	523.07	434.48	164	11
289H_RT	80.21	140.87	60.66	182.03	239.9	120	7
290H_RT	25.36	41.34	15.98	84.01	81.63	110	6
291H_RT	51.83	94.45	42.62	137.08	177.4	120	6
292H_RT	72.47	110.33	37.86	170.3	155.06	137	8
293H_RT	87.17	140.06	52.89	195.52	224.04	112	7
294H_RT	60.97	96.26	35.29	143.52	163.1	114	7
295H_RT	57.64	203.08	145.44	243.57	546.8	215	14
296H_RT	28.41	101.55	73.14	126.69	278.57	177	12
298H_RT	26.88	165.87	138.99	111.96	556.95	200	14
299H_RT	29.54	112.93	83.39	133.55	314.42	203	12
300H_RT	43.13	144.73	101.6	178.89	405.28	215	14
301H_RT	88.15	234.58	146.43	323.2	605.2	175	13
302H_RT	38.93	144.91	105.98	136.84	415.67	167	12
303H_RT	54.91	205.57	150.66	148.74	546.65	180	13
304H_RT	75.63	199.32	123.69	269.38	472.8	160	11
305H_RT	65.58	196.79	131.21	245.75	492.29	163	12
306H_RT	22.08	117.56	95.48	109.03	346.83	178	14
307H_RT	80.71	142.93	62.22	199.24	280.68	130	8
308H_RT	94.65	151.74	57.09	212.6	235.71	132	8
309H_RT	67.81	120.52	52.71	178.43	222.53	136	8
310H_RT	89.37	168.3	78.93	233.39	359.13	120	9
311H_RT	60.51	108.66	48.15	175.44	203.76	138	9
312H_RT	60.6	102.98	42.38	157.12	180.13	120	7
313H_RT	96.57	188.42	91.85	279.13	344.06	140	10
314H_RT	150.02	262.16	112.14	411.42	426.4	151	10
315H_RT	81.63	145.88	64.25	229.46	245.22	122	9
316H_RT	93.61	172.77	79.16	272.92	317.24	125	10
317H_RT	73.05	129.77	56.72	201.99	204.57	117	8
318H_RT	64.44	138.91	74.47	190.86	272.33	128	9
319H_RT	95.95	140.02	44.07	296.49	148.19	100	7
320H_RT	56.89	108	51.11	173.16	199.14	118	7
321H_RT	1.1	35.41	34.31	5.51	114.66	94	7
322H_RT	0	62.77	62.77	0	230.26	120	8
323H_RT	64.22	96.28	32.06	152.33	147.55	106	7
324H_RT	0	33.25	33.25	0	187.54	90	6
325H_RT	0	30.56	30.56	0	152.56	130	11
326H_RT	0	31.01	31.01	0	208.29	125	10
327H_RT	0	47.7	47.7	0	228.94	146	12
328H_RT	5.12	45.72	40.6	37.57	180.51	145	11
329H_RT	5.66	66.44	60.78	43.13	250.3	152	11
330H_RT	1.12	20.14	19.02	10.46	82.27	107	10
331H_RT	115.7	288.99	173.29	418.37	631.6	173	11
332H_RT	47.62	122.42	74.8	184.22	265.35	146	9
333H_RT	37.55	179.35	141.8	166.51	515	168	9
334H_RT	16.78	94.63	77.85	110.14	293.2	160	10
335H_RT	108.94	284.35	175.41	408.4	613.5	173	11
336H_RT	56.44	185.41	128.97	249.96	515.85	144	10
337H_RT	86.15	146.31	60.16	214.3	269.9	118	7
338H_RT	108.51	187.43	78.92	252.13	332.5	138	7
339H_RT	73.64	141.85	68.21	191.89	318.35	132	6
340H_RT	78.72	129.58	50.86	184.9	208.8	110	7
341H_RT	58.72	135.95	77.23	142.07	296.2	130	7
342H_RT	27.52	55.96	28.44	98.86	117.6	135	8
343H_RT	101.73	188.09	86.36	360.79	235.6	130	10
344H_RT	86.64	173.44	86.8	361.54	304.8	140	10
345H_RT	94.28	182.84	88.56	324.67	334.9	134	9
346H_RT	44.21	97.31	53.1	131.36	198.9	110	7
347H_RT	99.04	193.86	94.82	335.78	393.1	134	9
348H_RT	78.43	149.27	70.84	248.05	279	114	7
349H_RT	40.43	81.41	40.98	121.59	165.7	110	6
350H_RT	21.3	44.51	23.21	56.33	79.8	75	5
351H_RT	79.94	162.39	82.45	297.2	281.8	113	7
352H_RT	47.55	94.03	46.48	114.63	168.9	102	7
353H_RT	66.29	142.19	75.9	177.52	255.2	120	8
354H_RT	16.36	68.87	52.51	41.64	172.1	116	7
355H_RT	0	9.24	9.24	0	70.5	53	9
356H_RT	0	11.67	11.67	0	83.4	50	7
357H_RT	0	25.75	25.75	0	139.92	110	11
358H_RT	0	17.85	17.85	0	101.5	100	9
359H_RT	0	5.74	5.74	0	41.37	30	7
360H_RT	0	20.88	20.88	0	114.8	111	8
361H_RT	129.2	273.43	144.23	409.8	561.82	170	14
362H_RT	59.77	202.39	142.62	294.83	538.88	150	11
363H_RT	136.95	305.27	168.32	430.88	615.16	159	13
364H_RT	166.49	331.42	164.93	524.15	641	165	11
365H_RT	54.54	133.19	78.65	194.13	323.66	130	9
366H_RT	62.72	191.34	128.62	212.81	482.74	153	11
367H_RT	107.72	175.94	68.22	243.31	292.52	128	8
368H_RT	105.67	192.47	86.8	256.29	315.22	139	9
369H_RT	103.72	187.59	83.87	221.58	331.78	131	7
370H_RT	67.44	132.26	64.82	157.28	244.99	120	10
371H_RT	148.59	221.86	73.27	367.8	348.06	132	8
372H_RT	148.45	210.26	61.81	379.15	259.07	106	7
373H_RT	164.1	248.91	84.81	414.95	341.13	123	10
374H_RT	88.35	147.97	59.62	215.48	212.95	113	8
375H_RT	143.6	240.06	96.46	398.13	373.4	132	9
376H_RT	144.8	228.18	83.38	426.96	308.9	134	9
377H_RT	71	120.91	49.91	231.5	202.26	109	9
378H_RT	178.41	268.46	90.05	547.45	334.27	131	10
379H_RT	73.73	122.8	49.07	200.77	206.7	110	6
380H_RT	28.78	42.12	13.34	77.89	58.61	73	7
381H_RT	76.45	114.58	38.13	200.23	162.51	102	7
382H_RT	92.64	143.27	50.63	276.45	218.32	117	7
383H_RT	43.77	72.68	28.91	134.98	110.83	83	6
384H_RT	12.99	19.28	6.29	56.39	26.25	50	5
385H_RT	3.81	32.83	29.02	31.84	169.65	99	8
386H_RT	0	7.96	7.96	0	52.86	41	7
387H_RT	0	15.97	15.97	0	98.34	55	7
388H_RT	0	8.19	8.19	0	55.95	40	8
389H_RT	1.27	23.5	22.23	9.08	104.53	96	7
390H_RT	0	11.52	11.52	0	87.33	50	9
391H_RT	0	163.94	163.94	0	591.1	191	12
392H_RT	44.62	161.37	116.75	175.45	382.71	168	12
393H_RT	50.38	163.94	113.56	177.7	406.52	170	12
394H_RT	14.51	117.44	102.93	65.5	359.25	146	14
395H_RT	21.19	110.08	88.89	84.18	330.73	149	14
396H_RT	90.36	248.71	158.35	294.96	552.54	181	13
397H_RT	93.45	172.98	79.53	213.01	306.66	144	8
398H_RT	86.8	165.3	78.5	182.84	298.51	141	8
399H_RT	116.07	186.58	70.51	219.9	286.6	143	9
400H_RT	59.31	132.16	72.85	161.04	257.73	130	8
401H_RT	96.54	156.83	60.29	185.37	247.2	130	8
402H_RT	23.75	92.05	68.3	29.7	213.36	127	7
403H_RT	115.49	196.86	81.37	311.67	295.18	135	10
404H_RT	88.92	154.76	65.84	235.91	235.8	130	9
405H_RT	164.52	266.52	102	126.04	378.75	144	11
406H_RT	72.08	134.21	62.13	189.65	218.01	126	9
407H_RT	65.01	149.1	84.09	186.81	280.53	130	9
408H_RT	13.4	34.11	20.71	53.65	73.65	80	7
409H_RT	18.66	56.58	37.92	68.58	115.82	103	6
410H_RT	17.18	43.27	26.09	53.94	119.23	60	2
411H_RT	163.52	261.12	97.6	203.42	326.07	134	9
412H_RT	66.56	153.53	86.97	162.64	308.48	140	8
413H_RT	51.15	87	35.85	123.14	157.76	109	7
414H_RT	31.68	81.48	49.8	81.7	171.53	112	7
415H_RT	11.82	81.42	69.6	83.65	292.88	146	11
416H_RT	15.33	80.99	65.66	96.7	232.81	163	10
417H_RT	9.62	64.24	54.62	62.55	195.04	144	11
418H_RT	0	25.25	25.25	0	94.36	109	8
419H_RT	10.09	70.49	60.4	69.39	237.36	146	10
420H_RT	1.66	29.97	28.31	11.72	139.29	92	11
421H_RT	85.72	251.11	165.39	312.15	535.8	177	12
422H_RT	45.63	158.97	113.34	189.95	385.2	170	9
423H_RT	25.61	121.31	95.7	138.78	346.1	171	12
424H_RT	24.93	113.16	88.23	121.47	303	150	12
425H_RT	33.87	141.79	107.92	180.94	379.8	181	13
426H_RT	72.12	215.91	143.79	259.71	460.6	182	12
427H_RT	32.28	79.45	47.17	41.53	175.9	121	7
428H_RT	69.13	119.34	50.21	153.22	200.2	111	7
429H_RT	82.71	143	60.29	200.05	232.8	120	6
430H_RT	63.31	133.73	70.42	168.24	243.5	130	7
431H_RT	91.76	159.6	67.84	210.11	269.53	133	8
432H_RT	93.62	174.72	81.1	204.88	309.25	145	9
433H_RT	149.52	249.41	99.89	421.39	359.92	155	9
434H_RT	137	236.42	99.42	348.15	373.87	150	10
435H_RT	125.52	207.81	82.29	342.57	295.91	139	8
436H_RT	169.56	283.57	114.01	415.62	443.03	160	12
437H_RT	109.66	185.36	75.7	311.57	268.72	149	11
438H_RT	130.5	220.79	90.29	326.51	378.97	135	8
439H_RT	92.9	186.83	93.93	300.23	335.61	115	8
440H_RT	103.8	173.34	69.54	229	261.82	126	7
441H_RT	88.01	172.3	84.29	204.43	267	116	8
442H_RT	101.69	166.83	65.14	240.27	261.07	130	8
443H_RT	97.6	177.89	80.29	261.79	296.49	133	7
444H_RT	96.18	172.37	76.19	242.6	279.63	80	3
445H_RT	51.2	141.58	90.38	262.6	317.65	120	11
446H_RT	0	16.57	16.57	0	63.6	92	7
447H_RT	12.11	51.09	38.98	79.5	145.38	120	9
448H_RT	14.29	94.85	80.56	100.83	305.54	160	11
449H_RT	15.18	89.8	74.62	97.48	264.19	147	10
450H_RT	19.81	73.45	53.64	135.04	210.15	114	9
451H_RT	65.03	188.36	123.33	324.93	444.62	161	13
452H_RT	0	62.12	62.12	0	250.36	70	5
453H_RT	64.06	183.35	119.29	310.04	425.32	171	13
454H_RT	37.66	130.32	92.66	160.81	358.96	133	11
455H_RT	58.26	142	83.74	230.43	311.39	136	11
456H_RT	49.09	189.84	140.75	195.42	539.11	139	12
457H_RT	79.66	128.39	48.73	189.45	209.11	111	6
458H_RT	135.65	230.29	94.64	317.49	327.62	129	8
459H_RT	136.16	199.71	63.55	328.51	266.89	124	7
460H_RT	108.96	194.98	86.02	275.87	317.62	117	9
461H_RT	17.64	38.56	20.92	45.5	71.91	88	5
462H_RT	81.23	117	35.77	189.33	151.4	113	7
463H_RT	56.3	110.36	54.06	178.51	188.23	97	8
464H_RT	157.49	263.58	106.09	577.27	396.8	134	9
465H_RT	33.56	59.25	25.69	140.02	89.08	78	9
466H_RT	94.1	176.77	82.67	265.93	265.99	124	9
467H_RT	80.4	189.48	109.08	274.54	359.86	127	11
468H_RT	72.05	128.6	56.55	278.32	186.71	113	9
469H_RT	77.84	140.85	63.01	244.04	245.31	115	6
470H_RT	98.99	171.33	72.34	294.61	259.25	125	10
471H_RT	89.95	173.66	83.71	231.84	272.86	126	7
472H_RT	100.96	157.78	56.82	283.49	218.23	108	7
473H_RT	62.31	115.92	53.61	160.18	177.3	95	6
474H_RT	48.66	84.98	36.32	137.43	129.25	103	8
475H_RT	3.12	24.59	21.47	22.02	100.14	100	9
476H_RT	0	29.69	29.69	0	179.58	91	10
477H_RT	0	43.71	43.71	0	269.06	103	11
478H_RT	0	20.97	20.97	0	101.45	91	9
479H_RT	2.03	15.08	13.05	13.05	58.55	92	8
480H_RT	0	17.77	17.77	0	79.3	90	9
RT_100H	0	33.56	33.56	0	178.8	41	11
RT_101H	0	45.58	45.58	0	208.3	43.5	11
RT_102H	0	13.77	13.77	0	99.1	32	9
RT_103H	0	14.76	14.76	0	103	22	11
RT_104H	0	7.45	7.45	0	52.2	19	11
RT_105H	0	9.28	9.28	0	73.8	21	13
RT_106H	0	10.28	10.28	0	79.9	22.5	11
RT_107H	0	21.54	21.54	0	128.8	21	14
RT_10H	0	12.7	12.7	0	97.7	35	10
RT_110H	0	40.27	40.27	0	218.7	34	12
RT_111H	0	13.14	13.14	0	100.7	25	11
RT_114H	0	9.23	9.23	0	65.4	23.5	12
RT_115H	0	1.79	1.79	0	11.4	5	8
RT_116H	0	1.01	1.01	0	5.7	5	8
RT_118H	0	1.68	1.68	0	11.9	10	8
RT_119H	0	0.61	0.61	0	3.5	3.5	7
RT_11H	0	11	11	0	90.1	34	10
RT_120H	0	0.48	0.48	0	3.49	6	7
RT_121H	0	22.9	22.9	0	171.5	28	13
RT_122H	0	24.3	24.3	0	192.1	37	13
RT_123H	0	26.9	26.9	0	204.4	34	15
RT_124H	0	25.3	25.3	0	178.4	24	13
RT_125H	0	32.1	32.1	0	228.7	33.5	13
RT_126H	0	24.6	24.6	0	186.7	34	14
RT_127H	0	27.7	27.7	0	253.8	44	10
RT_128H	0	16.3	16.3	0	143.2	38	11
RT_129H	0	13.5	13.5	0	100.1	34	9
RT_130H	0	16.8	16.8	0	106.6	30	12
RT_131H	0	16	16	0	123.5	35	11
RT_132H	0	10.1	10.1	0	79.4	28	11
RT_133H	0	10.2	10.2	0	73.6	21	12
RT_134H	0	10.5	10.5	0	76	20	12
RT_135H	0	7.7	7.7	0	49.6	21	10
RT_138H	0	7	7	0	48.6	18	11
RT_13H	0	2.8	2.8	0	23.1	14.5	10
RT_140H	0	5.5	5.5	0	40.2	14	11
RT_141H	0	8.6	8.6	0	59.4	19	11
RT_142H	0	8	8	0	44.7	15	12
RT_143H	0	3.5	3.5	0	19.6	13	10
RT_144H	0	11.2	11.2	0	74.9	21	12
RT_147H	0	1	1	0	4	3.5	6
RT_148H	0	1.7	1.7	0	10	7.5	8
RT_149H	0	0.4	0.4	0	2.3	5	6
RT_14H	0	18.8	18.8	0	111.7	24	12
RT_151H	0	68.3	68.3	0	211.2	35.5	13
RT_152H	0	64.6	64.6	0	203.3	39	13
RT_153H	0	44.9	44.9	0	165.9	37	12
RT_154H	0	49.7	49.7	0	198.3	36	13
RT_155H	0	56	56	0	219.9	34	13
RT_156H	0	44	44	0	190.5	37	12
RT_157H	0	61.6	61.6	0	217.9	57	11
RT_158H	0	93.5	93.5	0	232.9	60	11
RT_159H	0	85.2	85.2	0	317.7	68	11
RT_15H	0	22.8	22.8	0	160.9	31	12
RT_160H	0	58.4	58.4	0	256.6	56	11
RT_161H	0	146.8	146.8	0	380.3	65	10
RT_162H	0	62	62	0	235.6	63	10
RT_164H	0	74.6	74.6	0	263.5	51	12
RT_165H	0	10.5	10.5	0	70.1	27.5	11
RT_166H	0	53.3	53.3	0	217.2	52	13
RT_167H	0	112.4	112.4	0	288.1	60	13
RT_168H	0	96.4	96.4	0	319.9	58	13
RT_170H	0	41	41	0	131.7	40	10
RT_171H	0	51.5	51.5	0	187.9	44	10
RT_172H	0	70.4	70.4	0	229	60	12
RT_173H	0	84.3	84.3	0	236.1	63	11
RT_174H	0	44.2	44.2	0	214.4	58	10
RT_175H	0	3.2	3.2	0	22	16	8
RT_176H	0	2.9	2.9	0	19.6	13	7
RT_177H	0	2.5	2.5	0	16.5	13.5	8
RT_178H	0	6.8	6.8	0	43	13	10
RT_179H	0	2	2	0	12	11.5	8
RT_17H	0	33	33	0	199.9	43	14
RT_180H	0	6.9	6.9	0	47.7	20	9
RT_181H	0	21.29	21.29	0	141.9	27	11
RT_182H	0	11.51	11.51	0	79.3	22	10
RT_183H	0	21.62	21.62	0	138.1	23	12
RT_185H	0	38.94	38.94	0	202.6	29.5	11
RT_186H	0	33.48	33.48	0	163.5	27	11
RT_187H	0	39.28	39.28	0	199.5	44	10
RT_188H	0	64.51	64.51	0	295.2	55	10
RT_189H	0	59.47	59.47	0	303.7	54	11
RT_18H	0	76.9	76.9	0	377.2	40	14
RT_190H	0	20.03	20.03	0	123.9	39	10
RT_191H	0	65.88	65.88	0	346.6	59	11
RT_192H	0	95.34	95.34	0	316	61	10
RT_193H	0	42.9	42.9	0	269	37	13
RT_194H	0	58.35	58.35	0	333.9	45	13
RT_195H	0	43.67	43.67	0	249.1	53	14
RT_196H	0	51.14	51.14	0	315.1	51	13
RT_197H	0	24.47	24.47	0	179.3	40	13
RT_198H	0	37.86	37.86	0	196.2	41	12
RT_199H	0	70.89	70.89	0	408.6	62	11
RT_19H	0	4.8	4.8	0	37.5	17	9
RT_1H	0	20.7	20.7	0	131	26	14
RT_200H	0	36.98	36.98	0	213.4	44	12
RT_201H	0	39.9	39.9	0	236.6	62	12
RT_202H	0	51.26	51.26	0	281	52	12
RT_203H	0	46.18	46.18	0	259.9	39	10
RT_204H	0	67.01	67.01	0	307.3	53	12
RT_206H	0	1.1	1.1	0	8.8	8	7
RT_208H	0	0.32	0.32	0	10.2	9.5	8
RT_209H	0	4.92	4.92	0	43.1	11.5	10
RT_20H	0	10.1	10.1	0	78.2	26	11
RT_210H	0	2.64	2.64	0	25.8	12	8
RT_211H	0	19.3	19.3	0	144.6	33	13
RT_212H	0	8.9	8.9	0	61.5	21	10
RT_213H	0	39.8	39.8	0	286.6	37	13
RT_214H	0	10.2	10.2	0	65.1	21	12
RT_215H	0	36.5	36.5	0	247	36	13
RT_216H	0	24.7	24.7	0	150.1	28	12
RT_217H	0	46	46	0	351.3	57	10
RT_21H	0	7.9	7.9	0	56	24	11
RT_220H	0	11.5	11.5	0	84.1	27	9
RT_221H	0	40.9	40.9	0	293.2	50	10
RT_222H	0	38.7	38.7	0	304.2	50	10
RT_223H	0	29	29	0	180.5	29	15
RT_224H	0	21.7	21.7	0	147.2	25.5	10
RT_226H	0	50.5	50.5	0	317.5	46	14
RT_227H	0	52	52	0	307.6	56	13
RT_22H	0	21.5	21.5	0	137	29	11
RT_233H	0	21.8	21.8	0	140.7	50	14
RT_234H	0	25.4	25.4	0	172.7	43	12
RT_236H	0	1.1	1.1	0	7.5	7.5	8
RT_237H	0	1.1	1.1	0	7.5	9	9
RT_238H	0	2.8	2.8	0	19.4	13	8
RT_23H	0	9	9	0	79.5	27	10
RT_240H	0	1.4	1.4	0	10.2	8	7
RT_25H	0	2.1	2.1	0	15.5	12	11
RT_26H	0	2.4	2.4	0	16	13	11
RT_27H	0	1.6	1.6	0	8.4	8.5	9
RT_28H	0	2.3	2.3	0	16.2	11.5	10
RT_29H	0	1.6	1.6	0	11.8	10	10
RT_2H	0	10.2	10.2	0	70.3	20	12
RT_30H	0	1.7	1.7	0	12.3	11	11
RT_32H	0	53	53	0	278.1	41	13
RT_33H	0	59.8	59.8	0	242.6	40	13
RT_34H	0	58.3	58.3	0	346.4	48	14
RT_35H	0	23.2	23.2	0	179	39	13
RT_36H	0	31	31	0	204.9	38	13
RT_37H	0	41.8	41.8	0	203.4	52	11
RT_38H	0	28.8	28.8	0	176.7	53.5	11
RT_39H	0	34.8	34.8	0	218.7	53.5	10
RT_3H	0	10.8	10.8	0	85	23	12
RT_40H	0	8.5	8.5	0	80.8	50	9
RT_41H	0	36.4	36.4	0	217.2	48	15
RT_44H	0	59.3	59.3	0	292.2	51	13
RT_45H	0	36.2	36.2	0	242	19	9
RT_46H	0	76.4	76.4	0	379.5	57	14
RT_47H	0	50.9	50.9	0	312.9	64	13
RT_49H	0	21.6	21.6	0	155.8	43	12
RT_4H	0	32	32	0	158.3	30	13
RT_52H	0	21.5	21.5	0	156.9	51	13
RT_55H	0	7.1	7.1	0	59.9	17	13
RT_56H	0	3.9	3.9	0	25.8	15	10
RT_57H	0	2.4	2.4	0	21.1	16	10
RT_58H	0	22.9	22.9	0	173	24	11
RT_59H	0	9.5	9.5	0	75.6	23	10
RT_5H	0	17.4	17.4	0	114.1	26	13
RT_60H	0	5.4	5.4	0	38.7	22	8
RT_61H	0	121.6	121.6	0	236.2	33	13
RT_62H	0	39.2	39.2	0	171.8	31	12
RT_63H	0	28	28	0	149.6	30	12
RT_64H	0	12.2	12.2	0	84.9	22	12
RT_65H	0	11.4	11.4	0	66.2	19	9
RT_66H	0	34.2	34.2	0	141.7	25	12
RT_67H	0	56.2	56.2	0	160.5	40	10
RT_68H	0	85.9	85.9	0	234.5	51	12
RT_69H	0	61.4	61.4	0	208	44.5	12
RT_6H	0	21.5	21.5	0	121.9	28.5	14
RT_70H	0	78.4	78.4	0	242.4	47.5	12
RT_71H	0	52.3	52.3	0	220.8	48	11
RT_72H	0	22.2	22.2	0	109.3	38	11
RT_73H	0	68.4	68.4	0	195.1	38	13
RT_74H	0	72.3	72.3	0	225.4	40	15
RT_75H	0	36.4	36.4	0	157	39	14
RT_76H	0	45.7	45.7	0	199.6	39	14
RT_77H	0	48	48	0	190	33	12
RT_78H	0	89.5	89.5	0	244.6	40	14
RT_79H	0	29.8	29.8	0	102	38	11
RT_7H	0	9.5	9.5	0	88.3	31	10
RT_80H	0	18.3	18.3	0	91.1	30	12
RT_81H	0	19.4	19.4	0	119.1	32	13
RT_82H	0	13.7	13.7	0	57.3	23.5	12
RT_83H	0	14.9	14.9	0	78.7	23	10
RT_84H	0	22.7	22.7	0	124	37	12
RT_85H	0	1.9	1.9	0	12.1	5.5	8
RT_86H	0	1.8	1.8	0	9.9	10	12
RT_87H	0	3.1	3.1	0	18.6	9.5	9
RT_88H	0	1.6	1.6	0	10.1	9	9
RT_89H	0	1.3	1.3	0	7.9	9	9
RT_8H	0	24.3	24.3	0	127.5	36	10
RT_90H	0	1.7	1.7	0	9.7	7.5	8
RT_91H	0	28.15	28.15	0	155.9	22	13
RT_92H	0	6.02	6.02	0	42.9	15	11
RT_93H	0	18.22	18.22	0	114.8	20	13
RT_94H	0	8.66	8.66	0	64.2	18	10
RT_95H	0	13.82	13.82	0	94.49	21	11
RT_96H	0	5.79	5.79	0	45.5	19	10
RT_97H	0	36.7	36.7	0	189.3	33	10
RT_98H	0	11.97	11.97	0	65.7	24	11
RT_99H	0	42.63	42.63	0	186.7	42	12
